2 1 1 0.09477696073284379 -0.2743273392580556
2 1 2 0.039266360129686706 -0.2827134345756471
2 1 3 0.016913587017984608 -0.28421146031333333
2 1 4 -0.011696877992448201 -0.2831565445801526
2 1 5 -0.03172382120271276 -0.26638174579362867
2 1 6 0.007097780731801631 -0.13176739649272173
2 1 7 0.06524795448455253 0.135802367183672
2 1 8 0.12002902788035644 0.4016252579232978
2 1 9 0.1907623816914558 0.6559849920727628
2 1 10 0.24709503417354878 0.8794647577478539
2 2 2 -0.113174087775084 -0.29080272332442203
2 2 3 -0.13138668557112076 -0.2932894871543614
2 2 4 -0.15070844339076364 -0.29096666976157415
2 2 5 -0.0993685046967017 -0.27415343331219255
2 2 6 -0.01299652411028488 -0.27710804705142356
2 2 7 0.08348757731089092 -0.28022872031990603
2 2 8 0.21304483361506013 -0.28209198447844874
2 2 9 0.2635853504216377 -0.2865933715444292
2 2 10 -0.2434075160835365 -0.3109928058619288
2 3 3 -0.1529482961498765 -0.294866213009004
2 3 4 -0.12295727392822348 -0.2925212038763617
2 3 5 -0.016523215937851693 -0.27574364953735764
2 3 6 0.09214929831905588 -0.2784739315346501
2 3 7 0.21442130487385486 -0.2808047550647789
2 3 8 0.2682180332873936 -0.2835772026181692
2 3 9 -0.266254887194473 -0.28802999112695665
2 3 10 -0.30421464888089045 -0.3123896461262309
2 4 4 -0.012615619383304189 -0.29013326677644014
2 4 5 0.09333755310202047 -0.273342090995748
2 4 6 0.21749372119177093 -0.2752362622119976
2 4 7 0.27234122814742157 -0.2784234790566007
2 4 8 -0.25982595307858547 -0.2813062960100215
2 4 9 -0.2930075932977246 -0.28572566149641293
2 4 10 -0.36877811557912366 -0.3101073085852095
2 5 5 0.22386222101047681 -0.2559154975735969
2 5 6 0.28403103277039604 -0.25878822374188337
2 5 7 -0.2526321939365882 -0.26206963218040136
2 5 8 -0.33128138138065966 -0.2648949042065707
2 5 9 -0.3589259143888181 -0.26931420771655545
2 5 10 -0.4362185383657276 -0.2947827064439415
2 6 6 -0.25267085365427705 -0.26171359594010335
2 6 7 -0.33196608327101124 -0.265045618697454
2 6 8 -0.36261544386635325 -0.26780008960843105
2 6 9 -0.4302566972875425 -0.2732985544716867
2 6 10 -0.4653956375221754 -0.2976644071116241
2 7 7 -0.4063878529112585 -0.26830853321573545
2 7 8 -0.3903774387941297 -0.27205823545576785
2 7 9 -0.4559743422673147 -0.27654829650898094
2 7 10 -0.5384534496953689 -0.15812823809785403
2 8 8 -0.454093200239547 -0.2748135310188246
2 8 9 -0.5301707756071603 -0.13652136035734247
2 8 10 -0.6325373062109476 0.11887700502193976
2 9 9 -0.6274970787376779 0.13705741249213366
2 9 10 -0.7496606547396177 0.3848340656979632
2 10 10 -0.8466608044057731 0.6272258931658637
3 1 1 0.12058613540066858 -0.23231101791861541
3 1 2 0.0706638546031823 -0.24114897859736323
3 1 3 0.0441603586211298 -0.24014934499529028
3 1 4 0.023368960448221343 -0.22395298675758013
3 1 5 -0.001897105265110971 -0.22051079335957902
3 1 6 0.03694814329079023 -0.09323074095232947
3 1 7 0.09446720220912108 0.16681648972765295
3 1 8 0.17302417205560228 0.419871896196135
3 1 9 0.19643386598110413 0.6441257403477736
3 1 10 0.2706684342377357 0.883986723116406
3 2 2 -0.08176730852990638 -0.2507216434060876
3 2 3 -0.09824997366236689 -0.24845159583431298
3 2 4 -0.10613753382169841 -0.23227449271231226
3 2 5 -0.06145128578612165 -0.2288582229222484
3 2 6 0.02379968504219853 -0.23114180456025646
3 2 7 0.13082480015693052 -0.23389821020264157
3 2 8 0.2414772297081143 -0.2382517854605567
3 2 9 0.26933885541178176 -0.26405148133756184
3 2 10 -0.21929775447736766 -0.26786661067469464
3 3 3 -0.11813570777244058 -0.24618558099907928
3 3 4 -0.08148968883003979 -0.22995347034438718
3 3 5 0.019485248011501408 -0.2265290078425003
3 3 6 0.1389438863932201 -0.22796521274727904
3 3 7 0.2463063841741367 -0.23162839606774738
3 3 8 0.29519787579326573 -0.2359777018169945
3 3 9 -0.25571184319182955 -0.26181517126057496
3 3 10 -0.2832241583006933 -0.2656477827117933
3 4 4 0.028835931491318106 -0.21373037790888205
3 4 5 0.14108241950665523 -0.2097372657683102
3 4 6 0.2504391494277225 -0.21206750806773333
3 4 7 0.305578227659949 -0.21571038148375388
3 4 8 -0.2297545463625041 -0.22020876939109696
3 4 9 -0.2803610977491336 -0.24597927094360483
3 4 10 -0.3556830759814331 -0.25086957651780095
3 5 5 0.2547817188689036 -0.2061718382859099
3 5 6 0.3147334656732693 -0.20855903578904578
3 5 7 -0.2219546226751993 -0.2123443054715337
3 5 8 -0.305572354098414 -0.21670017070461445
3 5 9 -0.3560446176721017 -0.24355760970919793
3 5 10 -0.42975798783842906 -0.24737779250717906
3 6 6 -0.22213367818439028 -0.21103336196208822
3 6 7 -0.30402932585242193 -0.21477094314642498
3 6 8 -0.3469688625936367 -0.22021044123627548
3 6 9 -0.432276340155249 -0.24598654926987545
3 6 10 -0.46140151482564584 -0.24987555448371218
3 7 7 -0.3882651519448911 -0.2194003796787778
3 7 8 -0.3812758591655589 -0.2238536519773277
3 7 9 -0.45900585232614627 -0.24970005555829478
3 7 10 -0.5363752513385169 -0.11894253393227167
3 8 8 -0.449931475392484 -0.22835351146400062
3 8 9 -0.535485754938803 -0.12066361686753657
3 8 10 -0.6336532935904986 0.14441371979090534
3 9 9 -0.6382808601670957 0.12255288543272158
3 9 10 -0.7125717449929352 0.3835566020287042
3 10 10 -0.8463011421593157 0.6361339853107428
4 1 1 0.14573044181036765 -0.17824897645169885
4 1 2 0.11021298646054353 -0.18607942448928638
4 1 3 0.09075453414825341 -0.1699271158915171
4 1 4 0.06144465079192088 -0.16617498203179953
4 1 5 0.03797611185974083 -0.1635916807853926
4 1 6 0.07727414810656329 -0.036666762715050316
4 1 7 0.15634180123366262 0.20397371489269472
4 1 8 0.186537279434151 0.415489642765686
4 1 9 0.22957828196584448 0.6538827589882956
4 1 10 0.2982093845698835 0.8844693660619343
4 2 2 -0.034841990605492285 -0.19199907009393646
4 2 3 -0.04101836258666855 -0.17585017177183182
4 2 4 -0.05524691441467156 -0.17210562215806624
4 2 5 -0.010319895940909955 -0.169574202180505
4 2 6 0.08106204960861696 -0.17132676981931727
4 2 7 0.167601298215295 -0.17672708996640452
4 2 8 0.25246449336031146 -0.20246798775099883
4 2 9 0.30004855183399337 -0.20703245475104137
4 2 10 -0.19395543934956871 -0.2118388824099865
4 3 3 -0.04743923586716657 -0.15969069497428812
4 3 4 -0.01656864549427077 -0.15593413014202595
4 3 5 0.0866112814206223 -0.15283913622401013
4 3 6 0.18602148829588705 -0.1554753617278649
4 3 7 0.28517869384900096 -0.16091220309997467
4 3 8 0.312585308103597 -0.18668125779719358
4 3 9 -0.22550014248259204 -0.19124913349960082
4 3 10 -0.2579522023675234 -0.19710874530608719
4 4 4 0.09785525589613189 -0.15169352717707052
4 4 5 0.189607796358424 -0.14887919716758857
4 4 6 0.29276135388922453 -0.15162078218786912
4 4 7 0.34254306174075283 -0.15722296040999117
4 4 8 -0.2140402803393729 -0.18285743653696696
4 4 9 -0.25428276539544253 -0.18847270874401933
4 4 10 -0.33645852793996034 -0.19333142065308145
4 5 5 0.2949110758717171 -0.14629065759229898
4 5 6 0.351969380428399 -0.14906299882277285
4 5 7 -0.19177473584633256 -0.15458838750098858
4 5 8 -0.2918201863339903 -0.18130184744118882
4 5 9 -0.33551793082715603 -0.1858863280531572
4 5 10 -0.41799007541437655 -0.1906868298141452
4 6 6 -0.1901134037693496 -0.1518827176715335
4 6 7 -0.27703965808635433 -0.1583717027330228
4 6 8 -0.33754160319771037 -0.1840783893194165
4 6 9 -0.41961539145466054 -0.18862177003895686
4 6 10 -0.4545663385669564 -0.19344178006578583
4 7 7 -0.36880257740590905 -0.1639365814323192
4 7 8 -0.38004441998629745 -0.18958958691573896
4 7 9 -0.4529651894182578 -0.1941432461839483
4 7 10 -0.5351079628338031 -0.06439509483087164
4 8 8 -0.46114569512572856 -0.21526587645838813
4 8 9 -0.5411395354266421 -0.08441365356051067
4 8 10 -0.5973167132203498 0.16423954104328825
4 9 9 -0.5970012212136943 0.16697833089387926
4 9 10 -0.7116956283530507 0.40411428863554405
4 10 10 -0.8462725560382585 0.6448484552366035
5 1 1 0.1820137221155273 -0.1300856455991513
5 1 2 0.1587309011790239 -0.11884585003298132
5 1 3 0.1365642815189659 -0.1160200001516577
5 1 4 0.1078573427627218 -0.11309693470926885
5 1 5 0.08211276151908885 -0.11073647223835115
5 1 6 0.14001651026080678 0.004662167008171736
5 1 7 0.17454679742858326 0.22229524824764813
5 1 8 0.22652928955025542 0.46079163386153943
5 1 9 0.268101320126085 0.6820739728773036
5 1 10 0.33149564375336404 0.892625498236854
5 2 2 0.035944347428413626 -0.1070139886116937
5 2 3 0.021504824279262036 -0.10425709338790135
5 2 4 0.008890106650823952 -0.10137130495642066
5 2 5 0.056768207398436785 -0.09837278351613421
5 2 6 0.13062978723111482 -0.10381894181269818
5 2 7 0.19551470750303426 -0.13056651207511283
5 2 8 0.2959870527415983 -0.1355417545961094
5 2 9 0.3398242804475425 -0.1386316264880164
5 2 10 -0.16357031690853735 -0.1440422335307101
5 3 3 0.008318224780030657 -0.10145500971363575
5 3 4 0.048985648294418295 -0.0979931290684356
5 3 5 0.14106727917291262 -0.09549473572085321
5 3 6 0.2349733587226085 -0.10090403514531138
5 3 7 0.3075054992589945 -0.1277340899546099
5 3 8 0.34953562634685276 -0.13265367012328266
5 3 9 -0.19661199005833657 -0.1368339501460366
5 3 10 -0.2353028041349557 -0.1411407669214671
5 4 4 0.1539265014827901 -0.09489658799461331
5 4 5 0.24643633928172842 -0.09247683720049527
5 4 6 0.33882453325251133 -0.09797852218129188
5 4 7 0.3616793511087193 -0.12474221833092103
5 4 8 -0.18662064636136633 -0.13074872641683766
5 4 9 -0.23205906175915592 -0.13385867389707723
5 4 10 -0.314638308241199 -0.13817650340322452
5 5 5 0.3473457631382449 -0.09004839063978509
5 5 6 0.3936534803178934 -0.09554511359064011
5 5 7 -0.17773578275617577 -0.12335619918618224
5 5 8 -0.2700146653877649 -0.12826357000274874
5 5 9 -0.31383515030251724 -0.13135233108675226
5 5 10 -0.39958350874245163 -0.13568274657086132
5 6 6 -0.16235980998571292 -0.10216579793019193
5 6 7 -0.26902840916171045 -0.1288209281937514
5 6 8 -0.31719184276003487 -0.13374655821319442
5 6 9 -0.4020351788978617 -0.13685461779673969
5 6 10 -0.4442230300763893 -0.1411944727643203
5 7 7 -0.37032665824822847 -0.15550859130337596
5 7 8 -0.3731183340884931 -0.1604665253329215
5 7 9 -0.45205691990090474 -0.16359346388340967
5 7 10 -0.49243364677488616 -0.04314760494571901
5 8 8 -0.4528743519218775 -0.16544333832940994
5 8 9 -0.49258182218948543 -0.04439419628215885
5 8 10 -0.5907553344764455 0.20228962614125812
5 9 9 -0.5903102170413992 0.20289259460136944
5 9 10 -0.7087402310165911 0.44784925047879426
5 10 10 -0.8455968781383414 0.6736753004249635
6 1 1 0.19960678638730942 -0.103505472998621
6 1 2 0.16849534285670642 -0.11416741607118419
6 1 3 0.14716370344201168 -0.1115684193829507
6 1 4 0.12025684431169092 -0.1091943441657316
6 1 5 0.11591786150037375 -0.10759561984994626
6 1 6 0.13324306430903002 0.01043452942565054
6 1 7 0.19242992447917157 0.26217396368895673
6 1 8 0.2413129656588917 0.48235389966837094
6 1 9 0.2798760643209261 0.6941867976568066
6 1 10 0.341117159101639 0.8993774252094113
6 2 2 0.032054754478849784 -0.12450163891858396
6 2 3 0.019233082933574903 -0.12191464213820857
6 2 4 0.014112779737429478 -0.11912334951246034
6 2 5 0.06959642037351124 -0.11789980497315672
6 2 6 0.13213897960841203 -0.1441812666466007
6 2 7 0.20971128040635006 -0.14873810910731589
6 2 8 0.30753347732875236 -0.15132266351888218
6 2 9 0.34581575179835145 -0.1563943931049504
6 2 10 -0.15943581765893403 -0.16037864175353111
6 3 3 0.013895770139168838 -0.11889258914486922
6 3 4 0.05919164340392756 -0.1164576544267803
6 3 5 0.163695752804092 -0.11524351389250426
6 3 6 0.2313260673436563 -0.14153815463578923
6 3 7 0.31804960342419164 -0.1461124478343413
6 3 8 0.356117191568555 -0.14970486733795424
6 3 9 -0.19379393424199495 -0.1537451760300403
6 3 10 -0.22890936385498123 -0.15777268897786512
6 4 4 0.1752897204319238 -0.11403355393848735
6 4 5 0.26331554640314264 -0.11288063179171492
6 4 6 0.33164754848281336 -0.13919005374167615
6 4 7 0.36574079614355254 -0.14469731681553027
6 4 8 -0.1840875992606269 -0.14729265035443462
6 4 9 -0.22813398370746035 -0.151344810842435
6 4 10 -0.30809314248573705 -0.1553487250815811
6 5 5 0.3618225622037344 -0.11166928973056905
6 5 6 0.38069585202326617 -0.13899915887008374
6 5 7 -0.17884582328183296 -0.14347251722627485
6 5 8 -0.267603324226692 -0.14604016161366296
6 5 9 -0.3087441782989116 -0.1501001883378894
6 5 10 -0.3873267568590592 -0.1541764719503168
6 6 6 -0.1935684376783724 -0.16518734632080434
6 6 7 -0.28066645252076766 -0.16969196939043274
6 6 8 -0.3232540329166772 -0.1722883517608339
6 6 9 -0.4008762733872473 -0.1765025567150943
6 6 10 -0.3962775690463153 -0.17902289880197542
6 7 7 -0.36694095870475696 -0.17422533044307437
6 7 8 -0.36211586124658535 -0.17697589104350941
6 7 9 -0.39720984757239924 -0.17963415447222353
6 7 10 -0.4833427854681047 -0.011286653066245933
6 8 8 -0.3966918454396746 -0.17817051011839802
6 8 9 -0.4837772172393386 -0.011411359131218934
6 8 10 -0.5861148387504185 0.26810050999876595
6 9 9 -0.5867127934781473 0.2651952467525486
6 9 10 -0.7069890911838786 0.48409289292194907
6 10 10 -0.845026577396465 0.6974027897147694
7 1 1 0.15848917793278056 -0.45247945037161375
7 1 2 0.10738694344879504 -0.461877054515108
7 1 3 0.06046483318721668 -0.460210151495483
7 1 4 0.03376435306503442 -0.45761680358529905
7 1 5 -0.02376777762136785 -0.4679858092034125
7 1 6 0.059646040643333516 -0.08963920270792053
7 1 7 0.1746673809119511 0.41195246954649006
7 1 8 0.22193682635195158 0.6145041926495822
7 1 9 0.2427109482624356 0.7731937913140102
7 1 10 0.28577647990904376 0.9246291493143259
7 2 2 -0.09147208055721243 -0.47102690969158273
7 2 3 -0.11896154172398912 -0.4689101265514761
7 2 4 -0.16347320213464753 -0.4666377076086002
7 2 5 -0.06692936037429562 -0.47707809574490473
7 2 6 0.09184492835033012 -0.4816334336978597
7 2 7 0.18361397387180248 -0.48580250619106596
7 2 8 0.26763903013095997 -0.487637570382414
7 2 9 0.2888889344067202 -0.49334200756894464
7 2 10 -0.2120202536701435 -0.4728166373838678
7 3 3 -0.16404014062466288 -0.46721309701124136
7 3 4 -0.07003559622246452 -0.46487851362598204
7 3 5 0.09311151635308633 -0.4753471105621354
7 3 6 0.19771991312821124 -0.4798523890960143
7 3 7 0.27720133925705237 -0.4850243787687892
7 3 8 0.29179437760272886 -0.4858349729585297
7 3 9 -0.24710366466141354 -0.49158330374320236
7 3 10 -0.2703912407961158 -0.471067373041597
7 4 4 0.11134888653337632 -0.4627164820916146
7 4 5 0.2019863122925587 -0.4730572264683044
7 4 6 0.2855880982928952 -0.4786204955919076
7 4 7 0.2937703931248412 -0.4827949749999594
7 4 8 -0.24554524789732046 -0.48361091823033364
7 4 9 -0.2740922350834166 -0.4893309305645921
7 4 10 -0.3421988569085226 -0.4688873692362679
7 5 5 0.27905863741077047 -0.48446935221900556
7 5 6 0.297369348042394 -0.48893752207452146
7 5 7 -0.25820127925525094 -0.4930914491526513
7 5 8 -0.3274750208471415 -0.493921761374532
7 5 9 -0.34801483432596764 -0.49971886282380745
7 5 10 -0.3645029216040699 -0.47849733073271017
7 6 6 -0.26485386572872993 -0.49343695664347464
7 6 7 -0.3307229471356527 -0.4976196217046174
7 6 8 -0.34853307842967596 -0.4986041121565322
7 6 9 -0.36320771366525983 -0.5028452720802612
7 6 10 -0.3761935092067416 -0.4833244202612728
7 7 7 -0.38922718868866424 -0.5019564649957942
7 7 8 -0.3241136437174259 -0.5013850139221626
7 7 9 -0.3749450535995057 -0.5073268541180004
7 7 10 -0.4519626855073828 -0.1212874049178258
7 8 8 -0.3735609533950994 -0.5025142431206399
7 8 9 -0.4488192859198147 -0.1228996210205931
7 8 10 -0.5672586228237032 0.3887459755082635
7 9 9 -0.566048547786484 0.40106009634623774
7 9 10 -0.6985458687474171 0.6101204888753946
7 10 10 -0.8430260114436949 0.7646765492581626
8 1 1 0.09305973398396458 -0.49970023124509716
8 1 2 0.0391286014076752 -0.5076852269795311
8 1 3 0.035047232080422014 -0.5050919005227186
8 1 4 -0.03547118009092387 -0.5144956665143001
8 1 5 -0.0842963553578343 -0.5148686834361476
8 1 6 -0.0648959187842493 -0.3852542110107856
8 1 7 0.04749992555912444 0.12093105820805039
8 1 8 0.15774664853341896 0.607839996369136
8 1 9 0.17154923943259717 0.784813844804594
8 1 10 0.22120705838351895 0.9281399154565535
8 2 2 -0.1408780820843275 -0.5149165763788315
8 2 3 -0.18062883271154107 -0.5127224865964988
8 2 4 -0.23390992904225927 -0.5221552098722245
8 2 5 -0.21753198261985293 -0.5224590658916881
8 2 6 -0.055928169889147755 -0.5249274199734584
8 2 7 0.10759355339568583 -0.5283398409225515
8 2 8 0.20728766752016853 -0.5340639961412225
8 2 9 0.21525631798763056 -0.5135575049230886
8 2 10 -0.27447334869067164 -0.517356897020353
8 3 3 -0.2307031660885557 -0.5104194799132427
8 3 4 -0.22796586521519643 -0.5198861281204749
8 3 5 -0.0564999866827498 -0.520171472264019
8 3 6 0.11752214131918644 -0.5236985413609894
8 3 7 0.21713905695902988 -0.5260770480575877
8 3 8 0.22026605655555562 -0.5318448871081016
8 3 9 -0.31614313426467305 -0.5113431156317033
8 3 10 -0.3282348570025376 -0.5151786924156084
8 4 4 -0.054359103676816636 -0.529260898688585
8 4 5 0.10848545279279354 -0.5306176242061403
8 4 6 0.20750644951782268 -0.5330765490044918
8 4 7 0.22171208963699368 -0.535470688057809
8 4 8 -0.31922567224258536 -0.5412167114131887
8 4 9 -0.33891113435556247 -0.5207920290518074
8 4 10 -0.3573701023926469 -0.5238496350729394
8 5 5 0.2078384730330769 -0.5308526244378368
8 5 6 0.22971389600121084 -0.5332972898952473
8 5 7 -0.3209833945674537 -0.535705797940071
8 5 8 -0.3868522897475327 -0.5415289104104676
8 5 9 -0.37013861317607266 -0.5203262572863134
8 5 10 -0.41796520240457613 -0.5242342034434997
8 6 6 -0.32170665780134866 -0.535770693335671
8 6 7 -0.3943730908499028 -0.5383333796105285
8 6 8 -0.3690915385329726 -0.5426005505553789
8 6 9 -0.42073266518908703 -0.5230985777033333
8 6 10 -0.4248225499434083 -0.5270065238605196
8 7 7 -0.40789251544387733 -0.5393401243598397
8 7 8 -0.3795543523543929 -0.5453079755767988
8 7 9 -0.42779026079433913 -0.5258060027247533
8 7 10 -0.4738025010944187 -0.3942399123242503
8 8 8 -0.426315012550226 -0.5512758267937581
8 8 9 -0.47529640900434345 -0.4148987463172988
8 8 10 -0.5651369660013152 0.09552971984229491
8 9 9 -0.5662647745098559 0.06451787014404375
8 9 10 -0.6973305666055967 0.5768282763889452
8 10 10 -0.8427274196967264 0.7832508871950326
9 1 1 -0.0024876190860895625 -0.5109959494127592
9 1 2 -0.013718071275597571 -0.5171979570288014
9 1 3 -0.059660056278562384 -0.526764039229349
9 1 4 -0.11329455896817076 -0.5263484397487305
9 1 5 -0.16641239603684269 -0.5254815280750261
9 1 6 -0.13467378917603887 -0.40706955812347634
9 1 7 -0.08695751684413067 -0.1788318629669231
9 1 8 0.00501978129094495 0.28794573193278095
9 1 9 0.09653261601731641 0.7656346927524408
9 1 10 0.148863696026321 0.9359671494533395
9 2 2 -0.22198639280470642 -0.5234549806242682
9 2 3 -0.2620958564718836 -0.5329536849359764
9 2 4 -0.30372645346977745 -0.5325292848056162
9 2 5 -0.2838123514262345 -0.5315945661756419
9 2 6 -0.20831662137784357 -0.5365028115358497
9 2 7 -0.052383579170065656 -0.5405464383493985
9 2 8 0.12080349538457613 -0.5200500159136342
9 2 9 0.14260090580763538 -0.5238635672361057
9 2 10 -0.34435087455836455 -0.5274820359001673
9 3 3 -0.30936591812069025 -0.542453094825237
9 3 4 -0.3036482588608316 -0.5420099730526583
9 3 5 -0.21699129624736643 -0.5421466357966952
9 3 6 -0.05106964178110113 -0.5459556056324921
9 3 7 0.11756873222374586 -0.5500441796430959
9 3 8 0.14006136887088388 -0.5295621261988381
9 3 9 -0.3921714148108256 -0.5334165819496862
9 3 10 -0.358831796966922 -0.5362570798509745
9 4 4 -0.2043408950338209 -0.542638232654091
9 4 5 -0.05063279926473688 -0.5416531701122688
9 4 6 0.11749153684706815 -0.5454723183810007
9 4 7 0.14950467173789708 -0.5495453696854518
9 4 8 -0.39381332317976253 -0.5291404053562108
9 4 9 -0.36518414935400384 -0.5322168903442854
9 4 10 -0.4135197849675043 -0.5359077283816283
9 5 5 0.12034523313196835 -0.5406681075704466
9 5 6 0.15195977524895402 -0.5445079178196661
9 5 7 -0.38955892128644753 -0.5486580582391338
9 5 8 -0.41258232112958126 -0.5274751231471199
9 5 9 -0.42585793794511967 -0.5314019482712491
9 5 10 -0.47525627622684175 -0.5350927863085917
9 6 6 -0.38624173550577 -0.5485019062989197
9 6 7 -0.418484156463662 -0.5510961051928409
9 6 8 -0.43718684358365223 -0.5316138503729358
9 6 9 -0.4796609161105705 -0.5355406754970651
9 6 10 -0.4793063751796745 -0.5392315135344076
9 7 7 -0.4746541034658656 -0.5553909843588711
9 7 8 -0.44318211557248255 -0.5359087295389661
9 7 9 -0.482037461884011 -0.5398355546630952
9 7 10 -0.5264591404762466 -0.41611115783178687
9 8 8 -0.4871239323200255 -0.516426474719061
9 8 9 -0.5318818948946399 -0.41164554796773634
9 8 10 -0.5932269482776427 -0.19613581872072683
9 9 9 -0.5947323361250418 -0.1963718058075134
9 9 10 -0.6977950437616183 0.2642788587416577
9 10 10 -0.8420554648438267 0.7439701342370828
