
1 1 1.00000000000000
2 1 1.00000000000000
2 2 0.000000000000000
3 1 0.000000000000000
3 2 0.500000000000000
3 3 0.500000000000000
4 1 0.500000000000000
4 2 0.000000000000000
4 3 0.166666666666667
4 4 0.333333333333333
5 1 0.333333333333333
5 2 0.375000000000000
5 3 0.125000000000000
5 4 0.0416666666666667
5 5 0.125000000000000
6 1 0.125000000000000
6 2 0.266666666666667
6 3 0.291666666666667
6 4 0.200000000000000
6 5 0.0833333333333333
6 6 0.0333333333333333
7 1 0.0333333333333333
7 2 0.104166666666667
7 3 0.198611111111111
7 4 0.234722222222222
7 5 0.212500000000000
7 6 0.147222222222222
7 7 0.0694444444444444
8 1 0.0694444444444444
8 2 0.0285714285714286
8 3 0.0791666666666667
8 4 0.143253968253968
8 5 0.185714285714286
8 6 0.194841269841270
8 7 0.172817460317460
8 8 0.126190476190476
9 1 0.126190476190476
9 2 0.0607638888888889
9 3 0.0301091269841270
9 4 0.0566220238095238
9 5 0.101314484126984
9 6 0.141269841269841
9 7 0.164781746031746
9 8 0.167733134920635
9 9 0.151215277777778
10 1 0.151215277777778
10 2 0.112169312169312
10 3 0.0612819664902998
10 4 0.0335758377425044
10 5 0.0414930555555556
10 6 0.0701940035273369
10 7 0.103375771604938
10 8 0.130798059964727
10 9 0.146800595238095
10 10 0.149096119929453
11 1 0.149096119929453
11 2 0.136093750000000
11 3 0.104856977513228
11 4 0.0653312389770723
11 5 0.0385300925925926
11 6 0.0341768628747795
11 7 0.0488241291887125
11 8 0.0731291335978836
11 9 0.0985226521164021
11 10 0.119318507495591
11 11 0.132120535714286
12 1 0.132120535714286
12 2 0.135541927208594
12 3 0.124903624539041
12 4 0.101003938191438
12 5 0.0701717823071990
12 6 0.0447732283148950
12 7 0.0330486161215328
12 8 0.0363961540003207
12 9 0.0510142095558762
12 10 0.0710980339105339
12 11 0.0914565796857464
12 12 0.108471370450537
13 1 0.108471370450537
13 2 0.121110491071429
13 3 0.123961650650019
13 4 0.116268039605713
13 5 0.0985618649290524
13 6 0.0746015190763455
13 7 0.0516248567854471
13 8 0.0361568708747528
13 9 0.0314104107376677
13 10 0.0370176550558495
13 11 0.0501103294853295
13 12 0.0668697432325905
13 13 0.0838351980452675
14 1 0.0838351980452675
14 2 0.100127418877419
14 3 0.110822059402789
14 4 0.113987499126388
14 5 0.109099792953960
14 6 0.0964282367580979
14 7 0.0780784583215139
14 8 0.0582583273208273
14 9 0.0417044886055303
14 10 0.0319151238422072
14 11 0.0302882047543506
14 12 0.0361844007330118
14 13 0.0475448744285550
14 14 0.0617259168300835
15 1 0.0617259168300835
15 2 0.0778469696134627
15 3 0.0918117303267353
15 4 0.101378392227537
15 5 0.105167226390875
15 6 0.102703438077942
15 7 0.0940660613453272
15 8 0.0803656163427989
15 9 0.0640070837268258
15 10 0.0481849329710193
15 11 0.0359286352013287
15 12 0.0292868466203660
15 13 0.0289670752688486
15 14 0.0344112630874784
15 15 0.0441488119693725
16 1 0.0441488119693725
16 2 0.0576108557080779
16 3 0.0715824347870065
16 4 0.0838289802098499
16 5 0.0927065003655405
16 6 0.0971457221879262
16 7 0.0966778049770568
16 8 0.0912499412820180
16 9 0.0814014495877922
16 10 0.0684644955402230
16 11 0.0544658945597686
16 12 0.0417042580343672
16 13 0.0322050351383809
16 14 0.0272917539988059
16 15 0.0273988827721673
16 16 0.0321171788816465
17 1 0.0321171788816465
17 2 0.0413895112212867
17 3 0.0531687994926540
17 4 0.0653620852279526
17 5 0.0762934416799512
17 6 0.0846929640537716
17 7 0.0896868577316853
17 8 0.0908109111200668
17 9 0.0879215103184714
17 10 0.0812381048356681
17 11 0.0714625012207167
17 12 0.0598109017625671
17 13 0.0478713670184327
17 14 0.0373166376142218
17 15 0.0295780602997852
17 16 0.0255927149222156
17 17 0.0256864525989069
18 1 0.0256864525989069
18 2 0.0302279330650790
18 3 0.0384094027765263
18 4 0.0486554244317488
18 5 0.0593655003789027
18 6 0.0692335082983073
18 7 0.0772405772347790
18 8 0.0826486095082049
18 9 0.0850062473060234
18 10 0.0841093747946062
18 11 0.0799976662774070
18 12 0.0730091797459401
18 13 0.0638318836612188
18 14 0.0534833111308550
18 15 0.0431928049460171
18 16 0.0342111204234515
18 17 0.0276037423187643
18 18 0.0240872611032618
19 1 0.0240872611032618
19 2 0.0242594274545232
19 3 0.0282962989800095
19 4 0.0353664948765585
19 5 0.0442446750207812
19 6 0.0536874001473739
19 7 0.0626460889707889
19 8 0.0702804110762452
19 9 0.0759538964291945
19 10 0.0792358389899916
19 11 0.0798850680061700
19 12 0.0778376339937728
19 13 0.0732238559737287
19 14 0.0664038652920764
19 15 0.0579859851177369
19 16 0.0487969317038901
19 17 0.0397952397242866
19 18 0.0319434260607771
19 19 0.0260702010788330
20 1 0.0260702010788330
20 2 0.0228195105188796
20 3 0.0229735540963240
20 4 0.0263820862415368
20 5 0.0323887536888635
20 6 0.0400469173577458
20 7 0.0483768198431456
20 8 0.0565198667649321
20 9 0.0637687970860116
20 10 0.0695674869948372
20 11 0.0735109273038250
20 12 0.0753388912604882
20 13 0.0749262729486463
20 14 0.0722839338825077
20 15 0.0675752344273082
20 16 0.0611367397136851
20 17 0.0534831879935644
20 18 0.0452811256163587
20 19 0.0372875000722973
20 20 0.0302621931102099
21 1 0.0302621931102099
21 2 0.0247666910248913
21 3 0.0218410695209333
21 4 0.0218094720337633
21 5 0.0245517021076780
21 6 0.0295679825149549
21 7 0.0361300305726379
21 8 0.0434590081053684
21 9 0.0508438070040602
21 10 0.0576807851032792
21 11 0.0634797021861238
21 12 0.0678636607841399
21 13 0.0705665665212991
21 14 0.0714275302883191
21 15 0.0703872575813724
21 16 0.0674925623245824
21 17 0.0629087737632182
21 18 0.0569318699699827
21 19 0.0499888223561656
21 20 0.0426173880583377
21 21 0.0354231250686825
22 1 0.0354231250686825
22 2 0.0288211362954380
22 3 0.0238490153611021
22 4 0.0210796492107896
22 5 0.0207754396731798
22 6 0.0228602438979953
22 7 0.0269656308696531
22 8 0.0325346820526981
22 9 0.0389465390180121
22 10 0.0456094166138890
22 11 0.0520039475796483
22 12 0.0576954701378110
22 13 0.0623356986240296
22 14 0.0656617362657177
22 15 0.0674932417521487
22 16 0.0677289985487954
22 17 0.0663462702544523
22 18 0.0634055282021996
22 19 0.0590592744706979
22 20 0.0535595859129534
22 21 0.0472573815631183
22 22 0.0405879886269883
23 1 0.0405879886269883
23 2 0.0338129830201060
23 3 0.0278111750444292
23 4 0.0232169802023553
23 5 0.0204991241762509
23 6 0.0198864123312371
23 7 0.0213473227606284
23 8 0.0246202693833076
23 9 0.0292838620375157
23 10 0.0348446574388974
23 11 0.0408105386603990
23 12 0.0467335267961373
23 13 0.0522271874888291
23 14 0.0569712240577272
23 15 0.0607117260108239
23 16 0.0632598636356858
23 17 0.0644896644352274
23 18 0.0643361512751358
23 19 0.0627958503242949
23 20 0.0599307877750767
23 21 0.0558747903076894
23 22 0.0508385954464630
23 23 0.0451093187647948
24 1 0.0451093187647948
24 2 0.0388232934692931
24 3 0.0326374187847484
24 4 0.0271238898664694
24 5 0.0228067890860017
24 6 0.0200805285209538
24 7 0.0191549839353167
24 8 0.0200380712242381
24 9 0.0225537086988701
24 10 0.0263885314605079
24 11 0.0311537089149264
24 12 0.0364423060136418
24 13 0.0418689008705174
24 14 0.0470901824539973
24 15 0.0518128023423619
24 16 0.0557952584736857
24 17 0.0588476058961808
24 18 0.0608302523818408
24 19 0.0616523935554150
24 20 0.0612710488804184
24 21 0.0596918921516014
24 22 0.0569724059181266
24 23 0.0532264866046931
24 24 0.0486282217313994
25 1 0.0486282217313994
25 2 0.0432297638162616
25 3 0.0374675739620518
25 4 0.0317930158924293
25 5 0.0266829189034847
25 6 0.0225760230041629
25 7 0.0198118107836323
25 8 0.0185882457510878
25 9 0.0189455844639594
25 10 0.0207754250115399
25 11 0.0238509507807059
25 12 0.0278701471041301
25 13 0.0324999362594955
25 14 0.0374110659058080
25 15 0.0422998973273625
25 16 0.0468990739765508
25 17 0.0509814209552047
25 18 0.0543607240355099
25 19 0.0568912839385883
25 20 0.0584669379437587
25 21 0.0590199863781066
25 22 0.0585206939192989
25 23 0.0569781061258285
25 24 0.0544424757001449
25 25 0.0510087163294976
26 1 0.0510087163294976
26 2 0.0466830928621434
26 3 0.0417165115802167
26 4 0.0364298461919065
26 5 0.0312022422250868
26 6 0.0264332176655765
26 7 0.0224943612638607
26 8 0.0196827492852144
26 9 0.0181873141301568
26 10 0.0180734126972821
26 11 0.0192856654139493
26 12 0.0216667024418112
26 13 0.0249868948376582
26 14 0.0289776400145403
26 15 0.0333608358534932
26 16 0.0378701558381975
26 17 0.0422636050279758
26 18 0.0463294620506580
26 19 0.0498883689794820
26 20 0.0527936294508283
26 21 0.0549307633820788
26 22 0.0562167481755040
26 23 0.0565992718279254
26 24 0.0560564591390493
26 25 0.0545975566637680
26 26 0.0522647766721391
27 1 0.0522647766721391
27 2 0.0490468426245169
27 3 0.0450539594238823
27 4 0.0404940750795873
27 5 0.0356386981139459
27 6 0.0308064027497865
27 7 0.0263336755552678
27 8 0.0225381603848774
27 9 0.0196826929223417
27 10 0.0179479359420915
27 11 0.0174177088587663
27 12 0.0180776580070024
27 13 0.0198260059130308
27 14 0.0224934639304343
27 15 0.0258677428101554
27 16 0.0297175444073842
27 17 0.0338120806224759
27 18 0.0379344207178055
27 19 0.0418891146877251
27 20 0.0455057269141623
27 21 0.0486400302813511
27 22 0.0511740925356523
27 23 0.0530158855279104
27 24 0.0540987028978794
27 25 0.0543806219353993
27 26 0.0538443298461904
27 27 0.0524976506382384
28 1 0.0524976506382384
28 2 0.0503290442028007
28 3 0.0473494756401875
28 4 0.0436810633860077
28 5 0.0395009483371169
28 6 0.0350380614379689
28 7 0.0305602943820462
28 8 0.0263522936149658
28 9 0.0226874361555387
28 10 0.0197997687289322
28 11 0.0178614499006160
28 12 0.0169689889318954
28 13 0.0171392469463506
28 14 0.0183146658839429
28 15 0.0203760410357424
28 16 0.0231600521758498
28 17 0.0264781159493910
28 18 0.0301333895089965
28 19 0.0339338947052718
28 20 0.0377012033489740
28 21 0.0412753062024412
28 22 0.0445168414804204
28 23 0.0473078184661716
28 24 0.0495516139961479
28 25 0.0511726472531696
28 26 0.0521159301266631
28 27 0.0523466621567101
28 28 0.0518500954074426
29 1 0.0518500954074426
29 2 0.0506227345440156
29 3 0.0486090285682520
29 4 0.0458712492646531
29 5 0.0425140695780267
29 6 0.0386873594749185
29 7 0.0345836461900321
29 8 0.0304283768089565
29 9 0.0264631404633442
29 10 0.0229242727098201
29 11 0.0200208129471653
29 12 0.0179157976999926
29 13 0.0167135632791822
29 14 0.0164541632635001
29 15 0.0171148404527771
29 16 0.0186176377085662
29 17 0.0208414729159405
29 18 0.0236364325091749
29 19 0.0268379237939147
29 20 0.0302787879824780
29 21 0.0337983437925699
29 22 0.0372482575141632
29 23 0.0404958028262067
29 24 0.0434253430321467
29 25 0.0459387957395192
29 26 0.0479555956309663
29 27 0.0494124300565202
29 28 0.0502628873374983
29 29 0.0504771385082562
30 1 0.0504771385082562
30 2 0.0500621610830480
30 3 0.0489194457964091
30 4 0.0470717314435373
30 5 0.0445727005972788
30 6 0.0415111264459053
30 7 0.0380130902004572
30 8 0.0342401507941454
30 9 0.0303821184937349
30 10 0.0266444766806392
30 11 0.0232320498502303
30 12 0.0203316331085233
30 13 0.0180964656316791
30 14 0.0166347098229941
30 15 0.0160030610890300
30 16 0.0162057259319959
30 17 0.0171983412759661
30 18 0.0188958578733912
30 19 0.0211829585231694
30 20 0.0239253456242861
30 21 0.0269803325491959
30 22 0.0302056037927627
30 23 0.0334656214566590
30 24 0.0366357407678907
30 25 0.0396044889711548
30 26 0.0422746005423999
30 27 0.0445633338062372
30 28 0.0464024257420057
30 29 0.0477378792711567
30 30 0.0485296843258604
31 1 0.0485296843258604
31 2 0.0487945672246477
31 3 0.0484072549611200
31 4 0.0473649786223048
31 5 0.0456874451640399
31 6 0.0434201480235373
31 7 0.0406376845896040
31 8 0.0374455944428649
31 9 0.0339791649624800
31 10 0.0303981898240532
31 11 0.0268776200018799
31 12 0.0235951237986923
31 13 0.0207173981435318
31 14 0.0183873171013608
31 15 0.0167136470126578
31 16 0.0157643951285789
31 17 0.0155642026461131
31 18 0.0160956683833164
31 19 0.0173040698724039
31 20 0.0191045995158635
31 21 0.0213909889394360
31 22 0.0240443301809495
31 23 0.0269410604625072
31 24 0.0299594211212464
31 25 0.0329841246036833
31 26 0.0359093407761717
31 27 0.0386403542149489
31 28 0.0410943205173703
31 29 0.0432004954750806
31 30 0.0449001933349105
31 31 0.0461466166287848
32 1 0.0461466166287848
32 2 0.0469642106379294
32 3 0.0472120043174401
32 4 0.0468707184955051
32 5 0.0459379415382448
32 6 0.0444301125404599
32 7 0.0423851911744720
32 8 0.0398653328481200
32 9 0.0369584665907459
32 10 0.0337776253134671
32 11 0.0304572409989496
32 12 0.0271462676863913
32 13 0.0239987474901881
32 14 0.0211630532957380
32 15 0.0187713085996467
32 16 0.0169303481168250
32 17 0.0157151816812435
32 18 0.0151654567452531
32 19 0.0152850043215173
32 20 0.0160442215925336
32 21 0.0173847716854895
32 22 0.0192258670874719
32 23 0.0214712819147323
32 24 0.0240162499251918
32 25 0.0267535593060126
32 26 0.0295784146623230
32 27 0.0323919296442885
32 28 0.0351033637754922
32 29 0.0376313717856688
32 30 0.0399045795302106
32 31 0.0418617600681370
32 32 0.0434518000015263
33 1 0.0434518000015263
33 2 0.0447045348591353
33 3 0.0454710292427083
33 4 0.0457211420775507
33 5 0.0454380040883269
33 6 0.0446189779848322
33 7 0.0432772698044744
33 8 0.0414440767063925
33 9 0.0391707602055058
33 10 0.0365302310741286
33 11 0.0336166861316559
33 12 0.0305430723160191
33 13 0.0274360938973835
33 14 0.0244291067046960
33 15 0.0216537086467416
33 16 0.0192310935104477
33 17 0.0172642249644969
33 18 0.0158316654714954
33 19 0.0149835775942089
33 20 0.0147401024248213
33 21 0.0150920544131010
33 22 0.0160036537622205
33 23 0.0174168398834374
33 24 0.0192565816611554
33 25 0.0214365463575118
33 26 0.0238645285420841
33 27 0.0264471709570079
33 28 0.0290937009200575
33 29 0.0317186111093049
33 30 0.0342433844084622
33 31 0.0365974669014005
33 32 0.0387187233117018
33 33 0.0405535800660077
34 1 0.0405535800660077
34 2 0.0421350787893589
34 3 0.0433118903222642
34 4 0.0440466650605915
34 5 0.0443129153932453
34 6 0.0440954146297987
34 7 0.0433909826070334
34 8 0.0422097843280403
34 9 0.0405770547360949
34 10 0.0385348745025236
34 11 0.0361433986834700
34 12 0.0334808910799308
34 13 0.0306420626086247
34 14 0.0277345074466636
34 15 0.0248734014562184
34 16 0.0221749772577907
34 17 0.0197495217993556
34 18 0.0176946998666398
34 19 0.0160899032263296
34 20 0.0149921231759346
34 21 0.0144336153276559
34 22 0.0144214151955648
34 23 0.0149385858805923
34 24 0.0159469327758553
34 25 0.0173908046142261
34 26 0.0192015251735704
34 27 0.0213019805676480
34 28 0.0236109323586738
34 29 0.0260467309224091
34 30 0.0285302445514797
34 31 0.0309869659210675
34 32 0.0333483777592929
34 33 0.0355527332501551
34 34 0.0375454286658926
35 1 0.0375454286658926
35 2 0.0393608277111251
35 3 0.0408492970978086
35 4 0.0419687869873208
35 5 0.0426863418466041
35 6 0.0429782707837200
35 7 0.0428304760764879
35 8 0.0422390887696675
35 9 0.0412115079640671
35 10 0.0397677836184322
35 11 0.0379420729613359
35 12 0.0357837327866190
35 13 0.0333575585081367
35 14 0.0307427649335379
35 15 0.0280304989072175
35 16 0.0253199332918071
35 17 0.0227132533083385
35 18 0.0203100443151087
35 19 0.0182016784839789
35 20 0.0164662689998371
35 21 0.0151646436989220
35 22 0.0143376312581829
35 23 0.0140047913008103
35 24 0.0141645758526159
35 25 0.0147957883238876
35 26 0.0158601067102518
35 27 0.0173053622571828
35 28 0.0190692211319520
35 29 0.0210829138081923
35 30 0.0232746988427915
35 31 0.0255728286751701
35 32 0.0279078892443410
35 33 0.0302144911491670
35 34 0.0324323771043391
35 35 0.0345070646251505
36 1 0.0345070646251505
36 2 0.0364727021325814
36 3 0.0381843640895149
36 4 0.0395971189300607
36 5 0.0406737225114392
36 6 0.0413847258099259
36 7 0.0417086160560257
36 8 0.0416320844241138
36 9 0.0411505351233268
36 10 0.0402689119206595
36 11 0.0390028046324974
36 12 0.0373796453501824
36 13 0.0354396759047695
36 14 0.0332363165890981
36 15 0.0308356092631449
36 16 0.0283145339203966
36 17 0.0257581776043599
36 18 0.0232559283491145
36 19 0.0208970302742458
36 20 0.0187659329547320
36 21 0.0169378836055187
36 22 0.0154751540509043
36 23 0.0144241921152497
36 24 0.0138138680939928
36 25 0.0136548724084975
36 26 0.0139402201057616
36 27 0.0146467333854130
36 28 0.0157373049292574
36 29 0.0171636951105028
36 30 0.0188695907012517
36 31 0.0207936569900438
36 32 0.0228723508566979
36 33 0.0250423244760942
36 34 0.0272423268033499
36 35 0.0294145881436243
36 36 0.0315057377585008
37 1 0.0315057377585008
37 2 0.0335485350522297
37 3 0.0354049704759144
37 4 0.0370285949783099
37 5 0.0383794693897358
37 6 0.0394242742659683
37 7 0.0401363996348603
37 8 0.0404960616801195
37 9 0.0404905187852046
37 10 0.0401144756589648
37 11 0.0393707368346414
37 12 0.0382710898616397
37 13 0.0368372872044958
37 14 0.0351018969447746
37 15 0.0331087431033934
37 16 0.0309126729659283
37 17 0.0285784671487529
37 18 0.0261788310335884
37 19 0.0237915480432827
37 20 0.0214960062485066
37 21 0.0193694028468439
37 22 0.0174829698104839
37 23 0.0158985475674598
37 24 0.0146657746282817
37 25 0.0138200787716294
37 26 0.0133815675208139
37 27 0.0133548336463904
37 28 0.0137296200894033
37 29 0.0144822289122281
37 30 0.0155775112164647
37 31 0.0169712417336692
37 32 0.0186126668329936
37 33 0.0204470213921708
37 34 0.0224178389122949
37 35 0.0244689267032724
37 36 0.0265459360960422
37 37 0.0285975162507459
38 1 0.0285975162507459
38 2 0.0306542313325954
38 3 0.0325866071509875
38 4 0.0343477315212310
38 5 0.0358961769111343
38 6 0.0371961459563455
38 7 0.0382175634917215
38 8 0.0389361522876113
38 9 0.0393335293558780
38 10 0.0393973789034239
38 11 0.0391217705907809
38 12 0.0385076733591979
38 13 0.0375636581546500
38 14 0.0363067019256102
38 15 0.0347629287402233
38 16 0.0329680785270675
38 17 0.0309674940225782
38 18 0.0288154624440516
38 19 0.0265738305720805
38 20 0.0243099141455049
38 21 0.0220938248391077
38 22 0.0199954208248550
38 23 0.0180811353227292
38 24 0.0164109459939212
38 25 0.0150357206545740
38 26 0.0139951226037382
38 27 0.0133161949194510
38 28 0.0130126781622990
38 29 0.0130850564664100
38 30 0.0135212755081383
38 31 0.0142980328910775
38 32 0.0153825077539447
38 33 0.0167343737272625
38 34 0.0183079303844454
38 35 0.0200541952075276
38 36 0.0219228209844478
38 37 0.0238637397489345
38 38 0.0258284783637168
39 1 0.0258284783637168
39 2 0.0278449500336210
39 3 0.0297934169532679
39 4 0.0316273608670988
39 5 0.0333048077151268
39 6 0.0347885464250620
39 7 0.0360462514515455
39 8 0.0370505616837221
39 9 0.0377791450807998
39 10 0.0382147781479304
39 11 0.0383454835131256
39 12 0.0381647788154032
39 13 0.0376720785220457
39 14 0.0368732508993849
39 15 0.0357812737427656
39 16 0.0344168733679915
39 17 0.0328089910183904
39 18 0.0309949113396638
39 19 0.0290199117701280
39 20 0.0269363448648016
39 21 0.0248021377760163
39 22 0.0226787711888139
39 23 0.0206288698636564
39 24 0.0187135865259934
39 25 0.0169899830615176
39 26 0.0155086071674624
39 27 0.0143114338844528
39 28 0.0134302982055567
39 29 0.0128858959065307
39 30 0.0126873814932122
39 31 0.0128325484629210
39 32 0.0133085393547814
39 33 0.0140930017407124
39 34 0.0151555820200670
39 35 0.0164596330141433
39 36 0.0179640057550980
39 37 0.0196248019534832
39 38 0.0213969814523436
39 39 0.0232357465976468
40 1 0.0232357465976468
40 2 0.0251662096877240
40 3 0.0270792725540434
40 4 0.0289295618047407
40 5 0.0306753302873913
40 6 0.0322787924559668
40 7 0.0337063095026328
40 8 0.0349284955128161
40 9 0.0359202864706719
40 10 0.0366609960485582
40 11 0.0371343813337738
40 12 0.0373287517909441
40 13 0.0372371627348787
40 14 0.0368577278809750
40 15 0.0361940588018260
40 16 0.0352557969850708
40 17 0.0340591588103920
40 18 0.0326273788792937
40 19 0.0309909227037327
40 20 0.0291873497311925
40 21 0.0272607404118888
40 22 0.0252606506990852
40 23 0.0232406154745174
40 24 0.0212562790762156
40 25 0.0193632770449743
40 26 0.0176150215252586
40 27 0.0160605505055115
40 28 0.0147425895632681
40 29 0.0136959485933679
40 30 0.0129463412518178
40 31 0.0125096773007257
40 32 0.0123918418589675
40 33 0.0125889430213851
40 34 0.0130879812768533
40 35 0.0138678709626627
40 36 0.0149007261727910
40 37 0.0161533121220592
40 38 0.0175885592587307
40 39 0.0191670424033647
40 40 0.0208483409022835
41 1 0.0208483409022835
41 2 0.0226548529327056
41 3 0.0244887928682790
41 4 0.0263066375968764
41 5 0.0280675510658198
41 6 0.0297338701819415
41 7 0.0312713898734957
41 8 0.0326495242080671
41 9 0.0338414005732136
41 10 0.0348239211173339
41 11 0.0355778114923198
41 12 0.0360876754791256
41 13 0.0363420811204487
41 14 0.0363337103833263
41 15 0.0360596010114693
41 16 0.0355214915094825
41 17 0.0347262502417273
41 18 0.0336863351100038
41 19 0.0324202008780281
41 20 0.0309525549151418
41 21 0.0293143631498693
41 22 0.0275425265612434
41 23 0.0256791815308300
41 24 0.0237706194611668
41 25 0.0218658655283337
41 26 0.0200149963375947
41 27 0.0182673056869494
41 28 0.0166694429057094
41 29 0.0152636484602007
41 30 0.0140861985574638
41 31 0.0131661480431462
41 32 0.0125244333315266
41 33 0.0121733682798559
41 34 0.0121165385159164
41 35 0.0123490751841707
41 36 0.0128582679556581
41 37 0.0136244597096089
41 38 0.0146221519646664
41 39 0.0158212416758413
41 40 0.0171883073558783
41 41 0.0186878663432806
42 1 0.0186878663432806
42 2 0.0203398447827156
42 3 0.0220582342750683
42 4 0.0238020447526833
42 5 0.0255319992607137
42 6 0.0272111802135859
42 7 0.0288054441877330
42 8 0.0302836701656220
42 9 0.0316179031214801
42 10 0.0327834393172530
42 11 0.0337588819462506
42 12 0.0345261842912911
42 13 0.0350706954953697
42 14 0.0353812287102944
42 15 0.0354501764613572
42 16 0.0352736968698725
42 17 0.0348519829977830
42 18 0.0341896065842238
42 19 0.0332959015034012
42 20 0.0321853280804070
42 21 0.0308777431683052
42 22 0.0293984966170786
42 23 0.0277782836783141
42 24 0.0260527037049340
42 25 0.0242615050255835
42 26 0.0224475296468620
42 27 0.0206554044700552
42 28 0.0189300532779208
42 29 0.0173151222273624
42 30 0.0158514190946895
42 31 0.0145754631579981
42 32 0.0135182301745214
42 33 0.0127041582761286
42 34 0.0121504588499439
42 35 0.0118667542157722
42 36 0.0118550429425898
42 37 0.0121099749079089
42 38 0.0126194020790763
42 39 0.0133651576865739
42 40 0.0143240062929025
42 41 0.0154687007978949
42 42 0.0167690803471983
43 1 0.0167690803471983
43 2 0.0182429171446310
43 3 0.0198162299440930
43 4 0.0214512101498356
43 5 0.0231107715101707
43 6 0.0247593369442176
43 7 0.0263633924760157
43 8 0.0278918482821945
43 9 0.0293162594034590
43 10 0.0306109562936624
43 11 0.0317531234820337
43 12 0.0327228507977690
43 13 0.0335031721463688
43 14 0.0340801043062194
43 15 0.0344427010792393
43 16 0.0345831420571611
43 17 0.0344968753699296
43 18 0.0341828267824413
43 19 0.0336436730710400
43 20 0.0328861584070061
43 21 0.0319214130079423
43 22 0.0307652182891083
43 23 0.0294381556875234
43 24 0.0279655789396119
43 25 0.0263773616973818
43 26 0.0247073922465080
43 27 0.0229928119045091
43 28 0.0212730199492676
43 29 0.0195884920614853
43 30 0.0179794781127975
43 31 0.0164846565173758
43 32 0.0151398254185396
43 33 0.0139767061819799
43 34 0.0130219235730915
43 35 0.0122962117598046
43 36 0.0118138781049642
43 37 0.0115825394097039
43 38 0.0116031290588757
43 39 0.0118701590454508
43 40 0.0123722083824910
43 41 0.0130925991038616
43 42 0.0140102131550952
43 43 0.0151003983979450
44 1 0.0151003983979450
44 2 0.0163791017344728
44 3 0.0177843879831877
44 4 0.0192822100477437
44 5 0.0208382764110667
44 6 0.0224189339066472
44 7 0.0239918447555094
44 8 0.0255264686232993
44 9 0.0269943822606725
44 10 0.0283694792087247
44 11 0.0296280905191160
44 12 0.0307490584735280
44 13 0.0317137844891444
44 14 0.0325062645107975
44 15 0.0331131223903060
44 16 0.0335236532675761
44 17 0.0337298919007427
44 18 0.0337267216868080
44 19 0.0335120360662752
44 20 0.0330869543206722
44 21 0.0324560798072303
44 22 0.0316277733561594
44 23 0.0306144013311177
44 24 0.0294325096769965
44 25 0.0281028739689689
44 26 0.0266503815140362
44 27 0.0251037142005856
44 28 0.0234948183460780
44 29 0.0218581679223432
44 30 0.0202298476148904
44 31 0.0186464996569637
44 32 0.0171441911998240
44 33 0.0157572658521531
44 34 0.0145172436096062
44 35 0.0134518282828642
44 36 0.0125840719898499
44 37 0.0119317339146026
44 38 0.0115068569357427
44 39 0.0113155721733354
44 40 0.0113581288469553
44 41 0.0116291355330246
44 42 0.0121179891513340
44 43 0.0128094599165912
44 44 0.0136843942445115
45 1 0.0136843942445115
45 2 0.0147572075252644
45 3 0.0159777879828591
45 4 0.0173163206995373
45 5 0.0187418537695298
45 6 0.0202232186414222
45 7 0.0217297925115438
45 8 0.0232320877134939
45 9 0.0247021769028941
45 10 0.0261139801843166
45 11 0.0274434484873339
45 12 0.0286686768004108
45 13 0.0297699742468903
45 14 0.0307299095646776
45 15 0.0315333439473364
45 16 0.0321674602834099
45 17 0.0326217983487891
45 18 0.0328883075818471
45 19 0.0329614301402190
45 20 0.0328382248186233
45 21 0.0325185361126219
45 22 0.0320052027722668
45 23 0.0313042884042578
45 24 0.0304253054952041
45 25 0.0293813960035372
45 26 0.0281894281285983
45 27 0.0268699708290199
45 28 0.0254471150176113
45 29 0.0239481222034786
45 30 0.0224028961937575
45 31 0.0208432894626459
45 32 0.0193022709997100
45 33 0.0178129950855401
45 34 0.0164078191538194
45 35 0.0151173229367526
45 36 0.0139693803925543
45 37 0.0129883310413419
45 38 0.0121942892962913
45 39 0.0116026203739716
45 40 0.0112236005551113
45 41 0.0110622688669978
45 42 0.0111184672835747
45 43 0.0113870576171971
45 44 0.0118582955516504
45 45 0.0125183358275777
46 1 0.0125183358275777
46 2 0.0133802965946335
46 3 0.0144054292851307
46 4 0.0155684780073469
46 5 0.0168422780584357
46 6 0.0181986540795410
46 7 0.0196092176858470
46 8 0.0210460317174933
46 9 0.0224821287328907
46 10 0.0238918904491587
46 11 0.0252513088572695
46 12 0.0265381566758338
46 13 0.0277320948394274
46 14 0.0288147399445649
46 15 0.0297697080381017
46 16 0.0305826456072351
46 17 0.0312412557206430
46 18 0.0317353270733478
46 19 0.0320567750364286
46 20 0.0321997048915320
46 21 0.0321605065139943
46 22 0.0319379858461198
46 23 0.0315335316028266
46 24 0.0309513067974120
46 25 0.0301984455266047
46 26 0.0292852278212365
46 27 0.0282252007673733
46 28 0.0270352134725759
46 29 0.0257353370596206
46 30 0.0243486483499728
46 31 0.0229008663734943
46 32 0.0214198430731060
46 33 0.0199349221408501
46 34 0.0184761914003823
46 35 0.0170736633003297
46 36 0.0157564240132753
46 37 0.0145517939182074
46 38 0.0134845409436153
46 39 0.0125761838578598
46 40 0.0118444159000644
46 41 0.0113026710524545
46 42 0.0109598466149432
46 43 0.0108201872310585
46 44 0.0108833275809896
46 45 0.0111444838464695
46 46 0.0115947778727249
47 1 0.0115947778727249
47 2 0.0122461980921956
47 3 0.0130706823041620
47 4 0.0140476967923889
47 5 0.0151541818296514
47 6 0.0163653763570707
47 7 0.0176555989885612
47 8 0.0189989437875061
47 9 0.0203698636753407
47 10 0.0217436308012370
47 11 0.0230966785818637
47 12 0.0244068416194787
47 13 0.0256535157480068
47 14 0.0268177610828502
47 15 0.0278823676334485
47 16 0.0288318980088057
47 17 0.0296527171475778
47 18 0.0303330162090089
47 19 0.0308628370718407
47 20 0.0312341046370398
47 21 0.0314406750624342
47 22 0.0314784078408804
47 23 0.0313452673282773
47 24 0.0310414546843402
47 25 0.0305695647045234
47 26 0.0299347547651432
47 27 0.0291449064041271
47 28 0.0282107551724400
47 29 0.0271459622440314
47 30 0.0259671023314277
47 31 0.0246935467027948
47 32 0.0233472270891652
47 33 0.0219522752304741
47 34 0.0205345427428357
47 35 0.0191210158141878
47 36 0.0177391479112310
47 37 0.0164161403400933
47 38 0.0151782045596038
47 39 0.0140498413591868
47 40 0.0130531704970087
47 41 0.0122073405621069
47 42 0.0115280432883663
47 43 0.0110271499915306
47 44 0.0107124808591476
47 45 0.0105877110021195
47 46 0.0106524108132611
47 47 0.0109022124585028
48 1 0.0109022124585028
48 2 0.0113480804711775
48 3 0.0119717806813091
48 4 0.0127574982461174
48 5 0.0136864469996852
48 6 0.0147375834896790
48 7 0.0158883263784714
48 8 0.0171152386741462
48 9 0.0183946383113333
48 10 0.0197031142545318
48 11 0.0210179385685922
48 12 0.0223173773821162
48 13 0.0235809132145161
48 14 0.0247893964865101
48 15 0.0259251451161307
48 16 0.0269720089240480
48 17 0.0279154117611639
48 18 0.0287423804801750
48 19 0.0294415672674485
48 20 0.0300032708462489
48 21 0.0304194623311712
48 22 0.0306838222205125
48 23 0.0307917951560240
48 24 0.0307406678378303
48 25 0.0305296724742596
48 26 0.0301601135302910
48 27 0.0296355099506615
48 28 0.0289617394037504
48 29 0.0281471664082509
48 30 0.0272027333025720
48 31 0.0261419924406634
48 32 0.0249810599401606
48 33 0.0237384756196621
48 34 0.0224349600017005
48 35 0.0210930667715427
48 36 0.0197367370856738
48 37 0.0183907697983003
48 38 0.0170802282596861
48 39 0.0158298092259550
48 40 0.0146632022157115
48 41 0.0136024682231351
48 42 0.0126674651755955
48 43 0.0118753442444301
48 44 0.0112401365548405
48 45 0.0107724445151757
48 46 0.0104792463788667
48 47 0.0103638171469923
48 48 0.0104257637746811
49 1 0.0104257637746811
49 2 0.0106750830322840
49 3 0.0111023732110973
49 4 0.0116963810750263
49 5 0.0124426096848561
49 6 0.0133239002910612
49 7 0.0143210571159363
49 8 0.0154134767178208
49 9 0.0165797464919823
49 10 0.0177981834069827
49 11 0.0190472934682127
49 12 0.0203061431163173
49 13 0.0215546439585562
49 14 0.0227737602311137
49 15 0.0239456531735428
49 16 0.0250537779092387
49 17 0.0260829471314895
49 18 0.0270193730704343
49 19 0.0278506961321882
49 20 0.0285660062374824
49 21 0.0291558617036769
49 22 0.0296123104138875
49 23 0.0299289184726650
49 24 0.0301008118281641
49 25 0.0301247357645100
49 26 0.0299991353128312
49 27 0.0297242564483936
49 28 0.0293022637656554
49 29 0.0287373657654764
49 30 0.0280359346887870
49 31 0.0272066046934494
49 32 0.0262603306368425
49 33 0.0252103900979820
49 34 0.0240723135912515
49 35 0.0228637319890136
49 36 0.0216041355851640
49 37 0.0203145454590017
49 38 0.0190171042263658
49 39 0.0177345992736244
49 40 0.0164899366021181
49 41 0.0153055870320404
49 42 0.0142030284623001
49 43 0.0132022080875440
49 44 0.0123210470541076
49 45 0.0115750072652054
49 46 0.0109767362908023
49 47 0.0105358019987633
49 48 0.0102585239703096
49 49 0.0101479042897633

1 1 1.00000000000000
2 1 1.00000000000000
3 2 0.500000000000000
4 1 0.500000000000000
5 2 0.375000000000000
6 3 0.291666666666667
7 4 0.234722222222222
8 6 0.194841269841270
9 8 0.167733134920635
10 1 0.151215277777778
11 1 0.149096119929453
12 2 0.135541927208594
13 3 0.123961650650019
14 4 0.113987499126388
15 5 0.105167226390875
16 6 0.0971457221879262
17 8 0.0908109111200668
18 9 0.0850062473060234
19 11 0.0798850680061700
20 12 0.0753388912604882
21 14 0.0714275302883191
22 16 0.0677289985487954
23 17 0.0644896644352274
24 19 0.0616523935554150
25 21 0.0590199863781066
26 23 0.0565992718279254
27 25 0.0543806219353993
28 1 0.0524976506382384
29 1 0.0518500954074426
30 1 0.0504771385082562
31 2 0.0487945672246477
32 3 0.0472120043174401
33 4 0.0457211420775507
34 5 0.0443129153932453
35 6 0.0429782707837200
36 7 0.0417086160560257
37 8 0.0404960616801195
38 10 0.0393973789034239
39 11 0.0383454835131256
40 12 0.0373287517909441
41 13 0.0363420811204487
42 15 0.0354501764613572
43 16 0.0345831420571611
44 17 0.0337298919007427
45 19 0.0329614301402190
46 20 0.0321997048915320
47 22 0.0314784078408804
48 23 0.0307917951560240
49 25 0.0301247357645100
