2 1 1 0.09477696073284379 -0.27432733925805564
2 1 2 0.039266360129686734 -0.2827134345756471
2 1 3 0.016913587017984594 -0.28421146031333333
2 1 4 -0.011696877992448201 -0.2831565445801526
2 1 5 -0.03172382120271282 -0.26638174579362867
2 1 6 0.007097780731801624 -0.13176739649272173
2 1 7 0.06524795448455256 0.13580236718367195
2 1 8 0.12002902788035642 0.4016252579232978
2 1 9 0.1907623816914558 0.6559849920727628
2 1 10 0.24709503417354875 0.8794647577478539
2 2 1 0.039266360129686734 -0.2827134345756471
2 2 2 -0.113174087775084 -0.29080272332442203
2 2 3 -0.1313866855711208 -0.29328948715436143
2 2 4 -0.15070844339076367 -0.29096666976157415
2 2 5 -0.09936850469670168 -0.27415343331219255
2 2 6 -0.012996524110284874 -0.2771080470514236
2 2 7 0.0834875773108909 -0.2802287203199061
2 2 8 0.21304483361506013 -0.28209198447844874
2 2 9 0.2635853504216377 -0.2865933715444292
2 2 10 -0.2434075160835365 -0.31099280586192884
2 3 1 0.016913587017984594 -0.28421146031333333
2 3 2 -0.1313866855711208 -0.29328948715436143
2 3 3 -0.1529482961498765 -0.29486621300900406
2 3 4 -0.1229572739282235 -0.2925212038763617
2 3 5 -0.016523215937851686 -0.27574364953735764
2 3 6 0.09214929831905588 -0.27847393153465005
2 3 7 0.21442130487385486 -0.280804755064779
2 3 8 0.2682180332873936 -0.28357720261816916
2 3 9 -0.266254887194473 -0.2880299911269566
2 3 10 -0.3042146488808905 -0.31238964612623094
2 4 1 -0.011696877992448201 -0.2831565445801526
2 4 2 -0.15070844339076367 -0.29096666976157415
2 4 3 -0.1229572739282235 -0.2925212038763617
2 4 4 -0.012615619383304175 -0.29013326677644014
2 4 5 0.09333755310202049 -0.27334209099574813
2 4 6 0.21749372119177093 -0.2752362622119976
2 4 7 0.27234122814742157 -0.27842347905660064
2 4 8 -0.25982595307858547 -0.28130629601002144
2 4 9 -0.2930075932977246 -0.285725661496413
2 4 10 -0.36877811557912366 -0.31010730858520946
2 5 1 -0.03172382120271282 -0.26638174579362867
2 5 2 -0.09936850469670168 -0.27415343331219255
2 5 3 -0.016523215937851686 -0.27574364953735764
2 5 4 0.09333755310202049 -0.27334209099574813
2 5 5 0.22386222101047681 -0.2559154975735969
2 5 6 0.28403103277039604 -0.25878822374188337
2 5 7 -0.2526321939365882 -0.26206963218040136
2 5 8 -0.33128138138065966 -0.26489490420657064
2 5 9 -0.35892591438881805 -0.2693142077165555
2 5 10 -0.4362185383657276 -0.2947827064439415
2 6 1 0.007097780731801624 -0.13176739649272173
2 6 2 -0.012996524110284874 -0.2771080470514236
2 6 3 0.09214929831905588 -0.27847393153465005
2 6 4 0.21749372119177093 -0.2752362622119976
2 6 5 0.28403103277039604 -0.25878822374188337
2 6 6 -0.25267085365427705 -0.2617135959401034
2 6 7 -0.33196608327101124 -0.265045618697454
2 6 8 -0.36261544386635325 -0.26780008960843105
2 6 9 -0.4302566972875425 -0.2732985544716867
2 6 10 -0.4653956375221754 -0.2976644071116241
2 7 1 0.06524795448455256 0.13580236718367195
2 7 2 0.0834875773108909 -0.2802287203199061
2 7 3 0.21442130487385486 -0.280804755064779
2 7 4 0.27234122814742157 -0.27842347905660064
2 7 5 -0.2526321939365882 -0.26206963218040136
2 7 6 -0.33196608327101124 -0.265045618697454
2 7 7 -0.40638785291125856 -0.26830853321573545
2 7 8 -0.39037743879412967 -0.2720582354557679
2 7 9 -0.4559743422673147 -0.27654829650898105
2 7 10 -0.5384534496953689 -0.15812823809785398
2 8 1 0.12002902788035642 0.4016252579232978
2 8 2 0.21304483361506013 -0.28209198447844874
2 8 3 0.2682180332873936 -0.28357720261816916
2 8 4 -0.25982595307858547 -0.28130629601002144
2 8 5 -0.33128138138065966 -0.26489490420657064
2 8 6 -0.36261544386635325 -0.26780008960843105
2 8 7 -0.39037743879412967 -0.2720582354557679
2 8 8 -0.454093200239547 -0.27481353101882466
2 8 9 -0.5301707756071603 -0.13652136035734252
2 8 10 -0.6325373062109476 0.11887700502193974
2 9 1 0.1907623816914558 0.6559849920727628
2 9 2 0.2635853504216377 -0.2865933715444292
2 9 3 -0.266254887194473 -0.2880299911269566
2 9 4 -0.2930075932977246 -0.285725661496413
2 9 5 -0.35892591438881805 -0.2693142077165555
2 9 6 -0.4302566972875425 -0.2732985544716867
2 9 7 -0.4559743422673147 -0.27654829650898105
2 9 8 -0.5301707756071603 -0.13652136035734252
2 9 9 -0.6274970787376779 0.1370574124921337
2 9 10 -0.7496606547396177 0.3848340656979632
2 10 1 0.24709503417354875 0.8794647577478539
2 10 2 -0.2434075160835365 -0.31099280586192884
2 10 3 -0.3042146488808905 -0.31238964612623094
2 10 4 -0.36877811557912366 -0.31010730858520946
2 10 5 -0.4362185383657276 -0.2947827064439415
2 10 6 -0.4653956375221754 -0.2976644071116241
2 10 7 -0.5384534496953689 -0.15812823809785398
2 10 8 -0.6325373062109476 0.11887700502193974
2 10 9 -0.7496606547396177 0.3848340656979632
2 10 10 -0.8466608044057731 0.6272258931658637
3 1 1 0.12058613540066858 -0.23231101791861547
3 1 2 0.07066385460318224 -0.24114897859736323
3 1 3 0.0441603586211298 -0.2401493449952904
3 1 4 0.02336896044822133 -0.22395298675758013
3 1 5 -0.0018971052651109571 -0.22051079335957896
3 1 6 0.03694814329079019 -0.09323074095232946
3 1 7 0.09446720220912108 0.16681648972765295
3 1 8 0.17302417205560222 0.41987189619613496
3 1 9 0.19643386598110413 0.6441257403477736
3 1 10 0.2706684342377357 0.883986723116406
3 2 1 0.07066385460318224 -0.24114897859736323
3 2 2 -0.08176730852990641 -0.2507216434060876
3 2 3 -0.0982499736623669 -0.24845159583431298
3 2 4 -0.10613753382169844 -0.23227449271231218
3 2 5 -0.06145128578612164 -0.22885822292224842
3 2 6 0.02379968504219851 -0.23114180456025657
3 2 7 0.13082480015693052 -0.2338982102026416
3 2 8 0.24147722970811428 -0.23825178546055667
3 2 9 0.2693388554117818 -0.2640514813375619
3 2 10 -0.2192977544773677 -0.2678666106746947
3 3 1 0.0441603586211298 -0.2401493449952904
3 3 2 -0.0982499736623669 -0.24845159583431298
3 3 3 -0.11813570777244056 -0.2461855809990792
3 3 4 -0.08148968883003976 -0.22995347034438723
3 3 5 0.01948524801150142 -0.22652900784250027
3 3 6 0.1389438863932201 -0.227965212747279
3 3 7 0.2463063841741367 -0.23162839606774743
3 3 8 0.2951978757932657 -0.23597770181699448
3 3 9 -0.2557118431918296 -0.26181517126057485
3 3 10 -0.28322415830069325 -0.2656477827117934
3 4 1 0.02336896044822133 -0.22395298675758013
3 4 2 -0.10613753382169844 -0.23227449271231218
3 4 3 -0.08148968883003976 -0.22995347034438723
3 4 4 0.028835931491318082 -0.21373037790888205
3 4 5 0.14108241950665523 -0.20973726576831017
3 4 6 0.2504391494277225 -0.21206750806773333
3 4 7 0.305578227659949 -0.21571038148375382
3 4 8 -0.22975454636250411 -0.22020876939109704
3 4 9 -0.2803610977491336 -0.2459792709436049
3 4 10 -0.3556830759814331 -0.25086957651780095
3 5 1 -0.0018971052651109571 -0.22051079335957896
3 5 2 -0.06145128578612164 -0.22885822292224842
3 5 3 0.01948524801150142 -0.22652900784250027
3 5 4 0.14108241950665523 -0.20973726576831017
3 5 5 0.2547817188689036 -0.2061718382859099
3 5 6 0.3147334656732693 -0.20855903578904578
3 5 7 -0.2219546226751993 -0.2123443054715337
3 5 8 -0.305572354098414 -0.21670017070461445
3 5 9 -0.3560446176721017 -0.2435576097091979
3 5 10 -0.42975798783842906 -0.24737779250717912
3 6 1 0.03694814329079019 -0.09323074095232946
3 6 2 0.02379968504219851 -0.23114180456025657
3 6 3 0.1389438863932201 -0.227965212747279
3 6 4 0.2504391494277225 -0.21206750806773333
3 6 5 0.3147334656732693 -0.20855903578904578
3 6 6 -0.22213367818439028 -0.21103336196208825
3 6 7 -0.30402932585242193 -0.21477094314642498
3 6 8 -0.3469688625936367 -0.22021044123627548
3 6 9 -0.432276340155249 -0.24598654926987554
3 6 10 -0.46140151482564584 -0.24987555448371218
3 7 1 0.09446720220912108 0.16681648972765295
3 7 2 0.13082480015693052 -0.2338982102026416
3 7 3 0.2463063841741367 -0.23162839606774743
3 7 4 0.305578227659949 -0.21571038148375382
3 7 5 -0.2219546226751993 -0.2123443054715337
3 7 6 -0.30402932585242193 -0.21477094314642498
3 7 7 -0.3882651519448911 -0.21940037967877785
3 7 8 -0.3812758591655589 -0.2238536519773277
3 7 9 -0.45900585232614627 -0.2497000555582948
3 7 10 -0.5363752513385169 -0.1189425339322716
3 8 1 0.17302417205560222 0.41987189619613496
3 8 2 0.24147722970811428 -0.23825178546055667
3 8 3 0.2951978757932657 -0.23597770181699448
3 8 4 -0.22975454636250411 -0.22020876939109704
3 8 5 -0.305572354098414 -0.21670017070461445
3 8 6 -0.3469688625936367 -0.22021044123627548
3 8 7 -0.3812758591655589 -0.2238536519773277
3 8 8 -0.449931475392484 -0.22835351146400054
3 8 9 -0.535485754938803 -0.1206636168675366
3 8 10 -0.6336532935904986 0.1444137197909054
3 9 1 0.19643386598110413 0.6441257403477736
3 9 2 0.2693388554117818 -0.2640514813375619
3 9 3 -0.2557118431918296 -0.26181517126057485
3 9 4 -0.2803610977491336 -0.2459792709436049
3 9 5 -0.3560446176721017 -0.2435576097091979
3 9 6 -0.432276340155249 -0.24598654926987554
3 9 7 -0.45900585232614627 -0.2497000555582948
3 9 8 -0.535485754938803 -0.1206636168675366
3 9 9 -0.6382808601670957 0.12255288543272164
3 9 10 -0.7125717449929352 0.3835566020287041
3 10 1 0.2706684342377357 0.883986723116406
3 10 2 -0.2192977544773677 -0.2678666106746947
3 10 3 -0.28322415830069325 -0.2656477827117934
3 10 4 -0.3556830759814331 -0.25086957651780095
3 10 5 -0.42975798783842906 -0.24737779250717912
3 10 6 -0.46140151482564584 -0.24987555448371218
3 10 7 -0.5363752513385169 -0.1189425339322716
3 10 8 -0.6336532935904986 0.1444137197909054
3 10 9 -0.7125717449929352 0.3835566020287041
3 10 10 -0.8463011421593157 0.6361339853107428
4 1 1 0.14573044181036765 -0.17824897645169882
4 1 2 0.11021298646054353 -0.18607942448928644
4 1 3 0.09075453414825341 -0.16992711589151713
4 1 4 0.06144465079192088 -0.16617498203179953
4 1 5 0.03797611185974081 -0.16359168078539255
4 1 6 0.07727414810656329 -0.03666676271505033
4 1 7 0.15634180123366265 0.20397371489269467
4 1 8 0.186537279434151 0.41548964276568606
4 1 9 0.22957828196584448 0.6538827589882956
4 1 10 0.2982093845698835 0.8844693660619343
4 2 1 0.11021298646054353 -0.18607942448928644
4 2 2 -0.034841990605492285 -0.1919990700939364
4 2 3 -0.041018362586668536 -0.17585017177183188
4 2 4 -0.05524691441467158 -0.17210562215806624
4 2 5 -0.010319895940909943 -0.169574202180505
4 2 6 0.08106204960861696 -0.17132676981931722
4 2 7 0.167601298215295 -0.17672708996640457
4 2 8 0.25246449336031146 -0.20246798775099886
4 2 9 0.30004855183399337 -0.20703245475104132
4 2 10 -0.19395543934956871 -0.21183888240998652
4 3 1 0.09075453414825341 -0.16992711589151713
4 3 2 -0.041018362586668536 -0.17585017177183188
4 3 3 -0.047439235867166536 -0.15969069497428806
4 3 4 -0.01656864549427081 -0.15593413014202598
4 3 5 0.0866112814206223 -0.15283913622401013
4 3 6 0.18602148829588705 -0.1554753617278649
4 3 7 0.28517869384900096 -0.16091220309997467
4 3 8 0.312585308103597 -0.18668125779719358
4 3 9 -0.22550014248259204 -0.19124913349960082
4 3 10 -0.2579522023675234 -0.19710874530608719
4 4 1 0.06144465079192088 -0.16617498203179953
4 4 2 -0.05524691441467158 -0.17210562215806624
4 4 3 -0.01656864549427081 -0.15593413014202598
4 4 4 0.0978552558961319 -0.15169352717707046
4 4 5 0.18960779635842395 -0.14887919716758857
4 4 6 0.2927613538892245 -0.15162078218786912
4 4 7 0.34254306174075283 -0.15722296040999123
4 4 8 -0.21404028033937286 -0.1828574365369669
4 4 9 -0.25428276539544253 -0.18847270874401928
4 4 10 -0.33645852793996034 -0.1933314206530814
4 5 1 0.03797611185974081 -0.16359168078539255
4 5 2 -0.010319895940909943 -0.169574202180505
4 5 3 0.0866112814206223 -0.15283913622401013
4 5 4 0.18960779635842395 -0.14887919716758857
4 5 5 0.2949110758717171 -0.14629065759229895
4 5 6 0.351969380428399 -0.14906299882277285
4 5 7 -0.1917747358463326 -0.15458838750098852
4 5 8 -0.2918201863339903 -0.1813018474411888
4 5 9 -0.33551793082715603 -0.18588632805315716
4 5 10 -0.41799007541437655 -0.19068682981414525
4 6 1 0.07727414810656329 -0.03666676271505033
4 6 2 0.08106204960861696 -0.17132676981931722
4 6 3 0.18602148829588705 -0.1554753617278649
4 6 4 0.2927613538892245 -0.15162078218786912
4 6 5 0.351969380428399 -0.14906299882277285
4 6 6 -0.1901134037693496 -0.15188271767153347
4 6 7 -0.27703965808635433 -0.15837170273302278
4 6 8 -0.33754160319771037 -0.18407838931941645
4 6 9 -0.41961539145466054 -0.18862177003895692
4 6 10 -0.4545663385669564 -0.19344178006578588
4 7 1 0.15634180123366265 0.20397371489269467
4 7 2 0.167601298215295 -0.17672708996640457
4 7 3 0.28517869384900096 -0.16091220309997467
4 7 4 0.34254306174075283 -0.15722296040999123
4 7 5 -0.1917747358463326 -0.15458838750098852
4 7 6 -0.27703965808635433 -0.15837170273302278
4 7 7 -0.36880257740590905 -0.16393658143231926
4 7 8 -0.38004441998629745 -0.18958958691573896
4 7 9 -0.4529651894182578 -0.19414324618394824
4 7 10 -0.5351079628338031 -0.06439509483087169
4 8 1 0.186537279434151 0.41548964276568606
4 8 2 0.25246449336031146 -0.20246798775099886
4 8 3 0.312585308103597 -0.18668125779719358
4 8 4 -0.21404028033937286 -0.1828574365369669
4 8 5 -0.2918201863339903 -0.1813018474411888
4 8 6 -0.33754160319771037 -0.18407838931941645
4 8 7 -0.38004441998629745 -0.18958958691573896
4 8 8 -0.46114569512572856 -0.21526587645838818
4 8 9 -0.5411395354266421 -0.08441365356051073
4 8 10 -0.5973167132203498 0.1642395410432883
4 9 1 0.22957828196584448 0.6538827589882956
4 9 2 0.30004855183399337 -0.20703245475104132
4 9 3 -0.22550014248259204 -0.19124913349960082
4 9 4 -0.25428276539544253 -0.18847270874401928
4 9 5 -0.33551793082715603 -0.18588632805315716
4 9 6 -0.41961539145466054 -0.18862177003895692
4 9 7 -0.4529651894182578 -0.19414324618394824
4 9 8 -0.5411395354266421 -0.08441365356051073
4 9 9 -0.5970012212136943 0.16697833089387926
4 9 10 -0.7116956283530507 0.4041142886355441
4 10 1 0.2982093845698835 0.8844693660619343
4 10 2 -0.19395543934956871 -0.21183888240998652
4 10 3 -0.2579522023675234 -0.19710874530608719
4 10 4 -0.33645852793996034 -0.1933314206530814
4 10 5 -0.41799007541437655 -0.19068682981414525
4 10 6 -0.4545663385669564 -0.19344178006578588
4 10 7 -0.5351079628338031 -0.06439509483087169
4 10 8 -0.5973167132203498 0.1642395410432883
4 10 9 -0.7116956283530507 0.4041142886355441
4 10 10 -0.8462725560382585 0.6448484552366035
5 1 1 0.18201372211552727 -0.1300856455991513
5 1 2 0.1587309011790239 -0.11884585003298138
5 1 3 0.13656428151896594 -0.11602000015165773
5 1 4 0.1078573427627218 -0.1130969347092688
5 1 5 0.08211276151908885 -0.1107364722383511
5 1 6 0.14001651026080678 0.00466216700817175
5 1 7 0.1745467974285832 0.2222952482476481
5 1 8 0.22652928955025545 0.4607916338615394
5 1 9 0.268101320126085 0.6820739728773036
5 1 10 0.33149564375336404 0.892625498236854
5 2 1 0.1587309011790239 -0.11884585003298138
5 2 2 0.03594434742841365 -0.10701398861169364
5 2 3 0.021504824279262036 -0.10425709338790137
5 2 4 0.008890106650823973 -0.10137130495642076
5 2 5 0.056768207398436785 -0.09837278351613415
5 2 6 0.13062978723111482 -0.10381894181269816
5 2 7 0.19551470750303426 -0.13056651207511277
5 2 8 0.2959870527415983 -0.13554175459610934
5 2 9 0.3398242804475425 -0.1386316264880164
5 2 10 -0.16357031690853735 -0.14404223353071005
5 3 1 0.13656428151896594 -0.11602000015165773
5 3 2 0.021504824279262036 -0.10425709338790137
5 3 3 0.008318224780030685 -0.10145500971363576
5 3 4 0.04898564829441829 -0.09799312906843553
5 3 5 0.14106727917291265 -0.09549473572085314
5 3 6 0.23497335872260852 -0.10090403514531139
5 3 7 0.3075054992589945 -0.1277340899546099
5 3 8 0.34953562634685276 -0.13265367012328266
5 3 9 -0.19661199005833657 -0.1368339501460366
5 3 10 -0.2353028041349557 -0.1411407669214671
5 4 1 0.1078573427627218 -0.1130969347092688
5 4 2 0.008890106650823973 -0.10137130495642076
5 4 3 0.04898564829441829 -0.09799312906843553
5 4 4 0.15392650148279013 -0.09489658799461337
5 4 5 0.24643633928172842 -0.09247683720049524
5 4 6 0.33882453325251133 -0.09797852218129195
5 4 7 0.3616793511087193 -0.12474221833092115
5 4 8 -0.18662064636136633 -0.1307487264168377
5 4 9 -0.23205906175915586 -0.13385867389707728
5 4 10 -0.314638308241199 -0.13817650340322446
5 5 1 0.08211276151908885 -0.1107364722383511
5 5 2 0.056768207398436785 -0.09837278351613415
5 5 3 0.14106727917291265 -0.09549473572085314
5 5 4 0.24643633928172842 -0.09247683720049524
5 5 5 0.34734576313824495 -0.09004839063978515
5 5 6 0.3936534803178934 -0.09554511359064001
5 5 7 -0.17773578275617577 -0.12335619918618229
5 5 8 -0.2700146653877649 -0.12826357000274874
5 5 9 -0.31383515030251724 -0.13135233108675226
5 5 10 -0.39958350874245163 -0.1356827465708614
5 6 1 0.14001651026080678 0.00466216700817175
5 6 2 0.13062978723111482 -0.10381894181269816
5 6 3 0.23497335872260852 -0.10090403514531139
5 6 4 0.33882453325251133 -0.09797852218129195
5 6 5 0.3936534803178934 -0.09554511359064001
5 6 6 -0.16235980998571298 -0.10216579793019198
5 6 7 -0.26902840916171045 -0.12882092819375135
5 6 8 -0.31719184276003487 -0.13374655821319448
5 6 9 -0.4020351788978617 -0.13685461779673969
5 6 10 -0.4442230300763893 -0.1411944727643203
5 7 1 0.1745467974285832 0.2222952482476481
5 7 2 0.19551470750303426 -0.13056651207511277
5 7 3 0.3075054992589945 -0.1277340899546099
5 7 4 0.3616793511087193 -0.12474221833092115
5 7 5 -0.17773578275617577 -0.12335619918618229
5 7 6 -0.26902840916171045 -0.12882092819375135
5 7 7 -0.37032665824822847 -0.15550859130337602
5 7 8 -0.3731183340884931 -0.1604665253329215
5 7 9 -0.45205691990090474 -0.16359346388340967
5 7 10 -0.49243364677488616 -0.04314760494571902
5 8 1 0.22652928955025545 0.4607916338615394
5 8 2 0.2959870527415983 -0.13554175459610934
5 8 3 0.34953562634685276 -0.13265367012328266
5 8 4 -0.18662064636136633 -0.1307487264168377
5 8 5 -0.2700146653877649 -0.12826357000274874
5 8 6 -0.31719184276003487 -0.13374655821319448
5 8 7 -0.3731183340884931 -0.1604665253329215
5 8 8 -0.4528743519218775 -0.16544333832940988
5 8 9 -0.49258182218948543 -0.044394196282158876
5 8 10 -0.5907553344764455 0.20228962614125806
5 9 1 0.268101320126085 0.6820739728773036
5 9 2 0.3398242804475425 -0.1386316264880164
5 9 3 -0.19661199005833657 -0.1368339501460366
5 9 4 -0.23205906175915586 -0.13385867389707728
5 9 5 -0.31383515030251724 -0.13135233108675226
5 9 6 -0.4020351788978617 -0.13685461779673969
5 9 7 -0.45205691990090474 -0.16359346388340967
5 9 8 -0.49258182218948543 -0.044394196282158876
5 9 9 -0.5903102170413992 0.20289259460136946
5 9 10 -0.7087402310165911 0.44784925047879426
5 10 1 0.33149564375336404 0.892625498236854
5 10 2 -0.16357031690853735 -0.14404223353071005
5 10 3 -0.2353028041349557 -0.1411407669214671
5 10 4 -0.314638308241199 -0.13817650340322446
5 10 5 -0.39958350874245163 -0.1356827465708614
5 10 6 -0.4442230300763893 -0.1411944727643203
5 10 7 -0.49243364677488616 -0.04314760494571902
5 10 8 -0.5907553344764455 0.20228962614125806
5 10 9 -0.7087402310165911 0.44784925047879426
5 10 10 -0.8455968781383414 0.6736753004249635
6 1 1 0.19960678638730942 -0.10350547299862098
6 1 2 0.16849534285670642 -0.11416741607118419
6 1 3 0.14716370344201168 -0.11156841938295062
6 1 4 0.12025684431169091 -0.10919434416573157
6 1 5 0.11591786150037373 -0.10759561984994623
6 1 6 0.13324306430903002 0.010434529425650568
6 1 7 0.19242992447917154 0.26217396368895673
6 1 8 0.2413129656588917 0.4823538996683709
6 1 9 0.2798760643209261 0.6941867976568066
6 1 10 0.341117159101639 0.8993774252094113
6 2 1 0.16849534285670642 -0.11416741607118419
6 2 2 0.032054754478849784 -0.12450163891858401
6 2 3 0.019233082933574876 -0.12191464213820861
6 2 4 0.014112779737429429 -0.11912334951246037
6 2 5 0.06959642037351126 -0.1178998049731568
6 2 6 0.13213897960841203 -0.1441812666466006
6 2 7 0.20971128040635012 -0.14873810910731583
6 2 8 0.3075334773287524 -0.15132266351888232
6 2 9 0.34581575179835145 -0.15639439310495043
6 2 10 -0.159435817658934 -0.16037864175353106
6 3 1 0.14716370344201168 -0.11156841938295062
6 3 2 0.019233082933574876 -0.12191464213820861
6 3 3 0.013895770139168852 -0.11889258914486918
6 3 4 0.059191643403927574 -0.11645765442678027
6 3 5 0.16369575280409196 -0.11524351389250428
6 3 6 0.23132606734365624 -0.1415381546357892
6 3 7 0.31804960342419164 -0.14611244783434132
6 3 8 0.356117191568555 -0.14970486733795418
6 3 9 -0.19379393424199495 -0.15374517603004034
6 3 10 -0.22890936385498128 -0.15777268897786517
6 4 1 0.12025684431169091 -0.10919434416573157
6 4 2 0.014112779737429429 -0.11912334951246037
6 4 3 0.059191643403927574 -0.11645765442678027
6 4 4 0.1752897204319238 -0.1140335539384874
6 4 5 0.26331554640314264 -0.11288063179171488
6 4 6 0.3316475484828133 -0.1391900537416761
6 4 7 0.3657407961435526 -0.14469731681553036
6 4 8 -0.18408759926062687 -0.14729265035443462
6 4 9 -0.22813398370746035 -0.15134481084243495
6 4 10 -0.30809314248573705 -0.15534872508158107
6 5 1 0.11591786150037373 -0.10759561984994623
6 5 2 0.06959642037351126 -0.1178998049731568
6 5 3 0.16369575280409196 -0.11524351389250428
6 5 4 0.26331554640314264 -0.11288063179171488
6 5 5 0.36182256220373443 -0.11166928973056912
6 5 6 0.38069585202326617 -0.13899915887008374
6 5 7 -0.17884582328183296 -0.1434725172262749
6 5 8 -0.267603324226692 -0.1460401616136629
6 5 9 -0.3087441782989116 -0.1501001883378894
6 5 10 -0.3873267568590592 -0.15417647195031683
6 6 1 0.13324306430903002 0.010434529425650568
6 6 2 0.13213897960841203 -0.1441812666466006
6 6 3 0.23132606734365624 -0.1415381546357892
6 6 4 0.3316475484828133 -0.1391900537416761
6 6 5 0.38069585202326617 -0.13899915887008374
6 6 6 -0.1935684376783724 -0.16518734632080434
6 6 7 -0.28066645252076766 -0.16969196939043274
6 6 8 -0.3232540329166772 -0.17228835176083393
6 6 9 -0.4008762733872473 -0.17650255671509432
6 6 10 -0.39627756904631534 -0.17902289880197542
6 7 1 0.19242992447917154 0.26217396368895673
6 7 2 0.20971128040635012 -0.14873810910731583
6 7 3 0.31804960342419164 -0.14611244783434132
6 7 4 0.3657407961435526 -0.14469731681553036
6 7 5 -0.17884582328183296 -0.1434725172262749
6 7 6 -0.28066645252076766 -0.16969196939043274
6 7 7 -0.3669409587047569 -0.17422533044307434
6 7 8 -0.36211586124658535 -0.17697589104350941
6 7 9 -0.39720984757239924 -0.17963415447222345
6 7 10 -0.4833427854681047 -0.01128665306624596
6 8 1 0.2413129656588917 0.4823538996683709
6 8 2 0.3075334773287524 -0.15132266351888232
6 8 3 0.356117191568555 -0.14970486733795418
6 8 4 -0.18408759926062687 -0.14729265035443462
6 8 5 -0.267603324226692 -0.1460401616136629
6 8 6 -0.3232540329166772 -0.17228835176083393
6 8 7 -0.36211586124658535 -0.17697589104350941
6 8 8 -0.3966918454396746 -0.178170510118398
6 8 9 -0.4837772172393386 -0.011411359131218962
6 8 10 -0.5861148387504185 0.2681005099987659
6 9 1 0.2798760643209261 0.6941867976568066
6 9 2 0.34581575179835145 -0.15639439310495043
6 9 3 -0.19379393424199495 -0.15374517603004034
6 9 4 -0.22813398370746035 -0.15134481084243495
6 9 5 -0.3087441782989116 -0.1501001883378894
6 9 6 -0.4008762733872473 -0.17650255671509432
6 9 7 -0.39720984757239924 -0.17963415447222345
6 9 8 -0.4837772172393386 -0.011411359131218962
6 9 9 -0.5867127934781473 0.2651952467525486
6 9 10 -0.7069890911838786 0.4840928929219491
6 10 1 0.341117159101639 0.8993774252094113
6 10 2 -0.159435817658934 -0.16037864175353106
6 10 3 -0.22890936385498128 -0.15777268897786517
6 10 4 -0.30809314248573705 -0.15534872508158107
6 10 5 -0.3873267568590592 -0.15417647195031683
6 10 6 -0.39627756904631534 -0.17902289880197542
6 10 7 -0.4833427854681047 -0.01128665306624596
6 10 8 -0.5861148387504185 0.2681005099987659
6 10 9 -0.7069890911838786 0.4840928929219491
6 10 10 -0.845026577396465 0.6974027897147694
7 1 1 0.15848917793278056 -0.45247945037161363
7 1 2 0.10738694344879504 -0.4618770545151081
7 1 3 0.06046483318721668 -0.46021015149548306
7 1 4 0.03376435306503442 -0.45761680358529894
7 1 5 -0.02376777762136785 -0.4679858092034125
7 1 6 0.059646040643333516 -0.08963920270792053
7 1 7 0.1746673809119511 0.4119524695464901
7 1 8 0.22193682635195158 0.6145041926495821
7 1 9 0.2427109482624356 0.7731937913140102
7 1 10 0.28577647990904376 0.9246291493143259
7 2 1 0.10738694344879504 -0.4618770545151081
7 2 2 -0.0914720805572124 -0.47102690969158273
7 2 3 -0.11896154172398912 -0.46891012655147624
7 2 4 -0.16347320213464753 -0.4666377076086002
7 2 5 -0.0669293603742956 -0.4770780957449048
7 2 6 0.09184492835033012 -0.4816334336978597
7 2 7 0.18361397387180245 -0.485802506191066
7 2 8 0.26763903013096 -0.48763757038241407
7 2 9 0.2888889344067202 -0.49334200756894464
7 2 10 -0.2120202536701435 -0.4728166373838678
7 3 1 0.06046483318721668 -0.46021015149548306
7 3 2 -0.11896154172398912 -0.46891012655147624
7 3 3 -0.16404014062466285 -0.46721309701124125
7 3 4 -0.0700355962224645 -0.4648785136259819
7 3 5 0.09311151635308633 -0.47534711056213536
7 3 6 0.19771991312821124 -0.47985238909601424
7 3 7 0.27720133925705237 -0.4850243787687892
7 3 8 0.29179437760272886 -0.4858349729585296
7 3 9 -0.24710366466141354 -0.49158330374320236
7 3 10 -0.27039124079611576 -0.47106737304159707
7 4 1 0.03376435306503442 -0.45761680358529894
7 4 2 -0.16347320213464753 -0.4666377076086002
7 4 3 -0.0700355962224645 -0.4648785136259819
7 4 4 0.11134888653337632 -0.46271648209161453
7 4 5 0.20198631229255873 -0.4730572264683045
7 4 6 0.2855880982928952 -0.4786204955919076
7 4 7 0.2937703931248412 -0.4827949749999592
7 4 8 -0.24554524789732043 -0.48361091823033353
7 4 9 -0.2740922350834166 -0.48933093056459204
7 4 10 -0.3421988569085226 -0.46888736923626795
7 5 1 -0.02376777762136785 -0.4679858092034125
7 5 2 -0.0669293603742956 -0.4770780957449048
7 5 3 0.09311151635308633 -0.47534711056213536
7 5 4 0.20198631229255873 -0.4730572264683045
7 5 5 0.27905863741077047 -0.48446935221900567
7 5 6 0.297369348042394 -0.48893752207452146
7 5 7 -0.25820127925525094 -0.49309144915265124
7 5 8 -0.3274750208471415 -0.4939217613745321
7 5 9 -0.34801483432596764 -0.49971886282380745
7 5 10 -0.3645029216040699 -0.4784973307327102
7 6 1 0.059646040643333516 -0.08963920270792053
7 6 2 0.09184492835033012 -0.4816334336978597
7 6 3 0.19771991312821124 -0.47985238909601424
7 6 4 0.2855880982928952 -0.4786204955919076
7 6 5 0.297369348042394 -0.48893752207452146
7 6 6 -0.26485386572872993 -0.49343695664347453
7 6 7 -0.3307229471356527 -0.49761962170461743
7 6 8 -0.34853307842967596 -0.4986041121565322
7 6 9 -0.36320771366525983 -0.5028452720802612
7 6 10 -0.3761935092067416 -0.48332442026127276
7 7 1 0.1746673809119511 0.4119524695464901
7 7 2 0.18361397387180245 -0.485802506191066
7 7 3 0.27720133925705237 -0.4850243787687892
7 7 4 0.2937703931248412 -0.4827949749999592
7 7 5 -0.25820127925525094 -0.49309144915265124
7 7 6 -0.3307229471356527 -0.49761962170461743
7 7 7 -0.38922718868866424 -0.5019564649957943
7 7 8 -0.3241136437174259 -0.5013850139221626
7 7 9 -0.3749450535995057 -0.5073268541180005
7 7 10 -0.4519626855073828 -0.12128740491782583
7 8 1 0.22193682635195158 0.6145041926495821
7 8 2 0.26763903013096 -0.48763757038241407
7 8 3 0.29179437760272886 -0.4858349729585296
7 8 4 -0.24554524789732043 -0.48361091823033353
7 8 5 -0.3274750208471415 -0.4939217613745321
7 8 6 -0.34853307842967596 -0.4986041121565322
7 8 7 -0.3241136437174259 -0.5013850139221626
7 8 8 -0.3735609533950994 -0.50251424312064
7 8 9 -0.4488192859198147 -0.12289962102059308
7 8 10 -0.5672586228237032 0.3887459755082635
7 9 1 0.2427109482624356 0.7731937913140102
7 9 2 0.2888889344067202 -0.49334200756894464
7 9 3 -0.24710366466141354 -0.49158330374320236
7 9 4 -0.2740922350834166 -0.48933093056459204
7 9 5 -0.34801483432596764 -0.49971886282380745
7 9 6 -0.36320771366525983 -0.5028452720802612
7 9 7 -0.3749450535995057 -0.5073268541180005
7 9 8 -0.4488192859198147 -0.12289962102059308
7 9 9 -0.5660485477864841 0.40106009634623774
7 9 10 -0.6985458687474171 0.6101204888753946
7 10 1 0.28577647990904376 0.9246291493143259
7 10 2 -0.2120202536701435 -0.4728166373838678
7 10 3 -0.27039124079611576 -0.47106737304159707
7 10 4 -0.3421988569085226 -0.46888736923626795
7 10 5 -0.3645029216040699 -0.4784973307327102
7 10 6 -0.3761935092067416 -0.48332442026127276
7 10 7 -0.4519626855073828 -0.12128740491782583
7 10 8 -0.5672586228237032 0.3887459755082635
7 10 9 -0.6985458687474171 0.6101204888753946
7 10 10 -0.8430260114436949 0.7646765492581626
8 1 1 0.09305973398396458 -0.4997002312450971
8 1 2 0.0391286014076752 -0.5076852269795311
8 1 3 0.035047232080422014 -0.5050919005227186
8 1 4 -0.03547118009092387 -0.5144956665143001
8 1 5 -0.0842963553578343 -0.5148686834361473
8 1 6 -0.06489591878424927 -0.3852542110107856
8 1 7 0.04749992555912444 0.12093105820805038
8 1 8 0.15774664853341896 0.607839996369136
8 1 9 0.17154923943259714 0.784813844804594
8 1 10 0.22120705838351892 0.9281399154565535
8 2 1 0.0391286014076752 -0.5076852269795311
8 2 2 -0.1408780820843275 -0.5149165763788314
8 2 3 -0.18062883271154107 -0.5127224865964988
8 2 4 -0.23390992904225927 -0.5221552098722245
8 2 5 -0.21753198261985293 -0.5224590658916879
8 2 6 -0.05592816988914774 -0.5249274199734583
8 2 7 0.10759355339568583 -0.5283398409225516
8 2 8 0.20728766752016853 -0.5340639961412225
8 2 9 0.21525631798763056 -0.5135575049230886
8 2 10 -0.27447334869067164 -0.5173568970203531
8 3 1 0.035047232080422014 -0.5050919005227186
8 3 2 -0.18062883271154107 -0.5127224865964988
8 3 3 -0.2307031660885557 -0.5104194799132425
8 3 4 -0.2279658652151964 -0.5198861281204749
8 3 5 -0.056499986682749796 -0.520171472264019
8 3 6 0.11752214131918637 -0.5236985413609894
8 3 7 0.21713905695902988 -0.5260770480575877
8 3 8 0.22026605655555562 -0.5318448871081016
8 3 9 -0.31614313426467305 -0.5113431156317034
8 3 10 -0.3282348570025376 -0.5151786924156085
8 4 1 -0.03547118009092387 -0.5144956665143001
8 4 2 -0.23390992904225927 -0.5221552098722245
8 4 3 -0.2279658652151964 -0.5198861281204749
8 4 4 -0.05435910367681663 -0.529260898688585
8 4 5 0.10848545279279351 -0.5306176242061403
8 4 6 0.20750644951782268 -0.5330765490044919
8 4 7 0.2217120896369937 -0.5354706880578091
8 4 8 -0.31922567224258536 -0.5412167114131887
8 4 9 -0.3389111343555625 -0.5207920290518075
8 4 10 -0.3573701023926469 -0.5238496350729395
8 5 1 -0.0842963553578343 -0.5148686834361473
8 5 2 -0.21753198261985293 -0.5224590658916879
8 5 3 -0.056499986682749796 -0.520171472264019
8 5 4 0.10848545279279351 -0.5306176242061403
8 5 5 0.2078384730330769 -0.5308526244378368
8 5 6 0.22971389600121084 -0.5332972898952474
8 5 7 -0.3209833945674537 -0.535705797940071
8 5 8 -0.3868522897475327 -0.5415289104104677
8 5 9 -0.37013861317607266 -0.5203262572863134
8 5 10 -0.41796520240457613 -0.5242342034434997
8 6 1 -0.06489591878424927 -0.3852542110107856
8 6 2 -0.05592816988914774 -0.5249274199734583
8 6 3 0.11752214131918637 -0.5236985413609894
8 6 4 0.20750644951782268 -0.5330765490044919
8 6 5 0.22971389600121084 -0.5332972898952474
8 6 6 -0.32170665780134877 -0.535770693335671
8 6 7 -0.3943730908499028 -0.5383333796105285
8 6 8 -0.3690915385329726 -0.5426005505553789
8 6 9 -0.42073266518908703 -0.5230985777033333
8 6 10 -0.4248225499434083 -0.5270065238605196
8 7 1 0.04749992555912444 0.12093105820805038
8 7 2 0.10759355339568583 -0.5283398409225516
8 7 3 0.21713905695902988 -0.5260770480575877
8 7 4 0.2217120896369937 -0.5354706880578091
8 7 5 -0.3209833945674537 -0.535705797940071
8 7 6 -0.3943730908499028 -0.5383333796105285
8 7 7 -0.4078925154438773 -0.5393401243598397
8 7 8 -0.3795543523543929 -0.5453079755767989
8 7 9 -0.42779026079433913 -0.5258060027247533
8 7 10 -0.4738025010944187 -0.39423991232425043
8 8 1 0.15774664853341896 0.607839996369136
8 8 2 0.20728766752016853 -0.5340639961412225
8 8 3 0.22026605655555562 -0.5318448871081016
8 8 4 -0.31922567224258536 -0.5412167114131887
8 8 5 -0.3868522897475327 -0.5415289104104677
8 8 6 -0.3690915385329726 -0.5426005505553789
8 8 7 -0.3795543523543929 -0.5453079755767989
8 8 8 -0.426315012550226 -0.5512758267937581
8 8 9 -0.47529640900434345 -0.4148987463172987
8 8 10 -0.5651369660013152 0.09552971984229493
8 9 1 0.17154923943259714 0.784813844804594
8 9 2 0.21525631798763056 -0.5135575049230886
8 9 3 -0.31614313426467305 -0.5113431156317034
8 9 4 -0.3389111343555625 -0.5207920290518075
8 9 5 -0.37013861317607266 -0.5203262572863134
8 9 6 -0.42073266518908703 -0.5230985777033333
8 9 7 -0.42779026079433913 -0.5258060027247533
8 9 8 -0.47529640900434345 -0.4148987463172987
8 9 9 -0.5662647745098559 0.06451787014404375
8 9 10 -0.6973305666055967 0.5768282763889453
8 10 1 0.22120705838351892 0.9281399154565535
8 10 2 -0.27447334869067164 -0.5173568970203531
8 10 3 -0.3282348570025376 -0.5151786924156085
8 10 4 -0.3573701023926469 -0.5238496350729395
8 10 5 -0.41796520240457613 -0.5242342034434997
8 10 6 -0.4248225499434083 -0.5270065238605196
8 10 7 -0.4738025010944187 -0.39423991232425043
8 10 8 -0.5651369660013152 0.09552971984229493
8 10 9 -0.6973305666055967 0.5768282763889453
8 10 10 -0.8427274196967264 0.7832508871950326
9 1 1 -0.0024876190860895486 -0.5109959494127592
9 1 2 -0.013718071275597571 -0.5171979570288013
9 1 3 -0.05966005627856237 -0.5267640392293491
9 1 4 -0.11329455896817077 -0.5263484397487305
9 1 5 -0.16641239603684269 -0.5254815280750261
9 1 6 -0.1346737891760389 -0.4070695581234764
9 1 7 -0.08695751684413064 -0.1788318629669231
9 1 8 0.005019781290944977 0.28794573193278095
9 1 9 0.09653261601731639 0.7656346927524408
9 1 10 0.14886369602632102 0.9359671494533395
9 2 1 -0.013718071275597571 -0.5171979570288013
9 2 2 -0.22198639280470642 -0.5234549806242682
9 2 3 -0.2620958564718836 -0.5329536849359764
9 2 4 -0.30372645346977745 -0.5325292848056162
9 2 5 -0.2838123514262345 -0.5315945661756419
9 2 6 -0.20831662137784357 -0.5365028115358497
9 2 7 -0.052383579170065656 -0.5405464383493985
9 2 8 0.12080349538457613 -0.5200500159136343
9 2 9 0.14260090580763538 -0.5238635672361058
9 2 10 -0.34435087455836455 -0.5274820359001673
9 3 1 -0.05966005627856237 -0.5267640392293491
9 3 2 -0.2620958564718836 -0.5329536849359764
9 3 3 -0.30936591812069025 -0.542453094825237
9 3 4 -0.3036482588608316 -0.5420099730526584
9 3 5 -0.21699129624736646 -0.5421466357966952
9 3 6 -0.05106964178110113 -0.5459556056324921
9 3 7 0.11756873222374592 -0.5500441796430959
9 3 8 0.14006136887088388 -0.5295621261988382
9 3 9 -0.3921714148108256 -0.5334165819496862
9 3 10 -0.358831796966922 -0.5362570798509744
9 4 1 -0.11329455896817077 -0.5263484397487305
9 4 2 -0.30372645346977745 -0.5325292848056162
9 4 3 -0.3036482588608316 -0.5420099730526584
9 4 4 -0.2043408950338209 -0.542638232654091
9 4 5 -0.05063279926473688 -0.5416531701122688
9 4 6 0.11749153684706815 -0.5454723183810007
9 4 7 0.14950467173789708 -0.5495453696854515
9 4 8 -0.39381332317976253 -0.5291404053562108
9 4 9 -0.36518414935400384 -0.5322168903442855
9 4 10 -0.4135197849675043 -0.5359077283816283
9 5 1 -0.16641239603684269 -0.5254815280750261
9 5 2 -0.2838123514262345 -0.5315945661756419
9 5 3 -0.21699129624736646 -0.5421466357966952
9 5 4 -0.05063279926473688 -0.5416531701122688
9 5 5 0.12034523313196838 -0.5406681075704466
9 5 6 0.15195977524895402 -0.5445079178196661
9 5 7 -0.38955892128644753 -0.5486580582391338
9 5 8 -0.41258232112958126 -0.52747512314712
9 5 9 -0.42585793794511967 -0.5314019482712491
9 5 10 -0.47525627622684175 -0.5350927863085918
9 6 1 -0.1346737891760389 -0.4070695581234764
9 6 2 -0.20831662137784357 -0.5365028115358497
9 6 3 -0.05106964178110113 -0.5459556056324921
9 6 4 0.11749153684706815 -0.5454723183810007
9 6 5 0.15195977524895402 -0.5445079178196661
9 6 6 -0.38624173550577 -0.5485019062989196
9 6 7 -0.418484156463662 -0.5510961051928409
9 6 8 -0.43718684358365223 -0.5316138503729358
9 6 9 -0.4796609161105705 -0.5355406754970651
9 6 10 -0.4793063751796745 -0.5392315135344077
9 7 1 -0.08695751684413064 -0.1788318629669231
9 7 2 -0.052383579170065656 -0.5405464383493985
9 7 3 0.11756873222374592 -0.5500441796430959
9 7 4 0.14950467173789708 -0.5495453696854515
9 7 5 -0.38955892128644753 -0.5486580582391338
9 7 6 -0.418484156463662 -0.5510961051928409
9 7 7 -0.4746541034658656 -0.5553909843588711
9 7 8 -0.44318211557248255 -0.5359087295389661
9 7 9 -0.482037461884011 -0.5398355546630952
9 7 10 -0.5264591404762466 -0.41611115783178687
9 8 1 0.005019781290944977 0.28794573193278095
9 8 2 0.12080349538457613 -0.5200500159136343
9 8 3 0.14006136887088388 -0.5295621261988382
9 8 4 -0.39381332317976253 -0.5291404053562108
9 8 5 -0.41258232112958126 -0.52747512314712
9 8 6 -0.43718684358365223 -0.5316138503729358
9 8 7 -0.44318211557248255 -0.5359087295389661
9 8 8 -0.4871239323200255 -0.516426474719061
9 8 9 -0.5318818948946399 -0.41164554796773634
9 8 10 -0.5932269482776427 -0.1961358187207269
9 9 1 0.09653261601731639 0.7656346927524408
9 9 2 0.14260090580763538 -0.5238635672361058
9 9 3 -0.3921714148108256 -0.5334165819496862
9 9 4 -0.36518414935400384 -0.5322168903442855
9 9 5 -0.42585793794511967 -0.5314019482712491
9 9 6 -0.4796609161105705 -0.5355406754970651
9 9 7 -0.482037461884011 -0.5398355546630952
9 9 8 -0.5318818948946399 -0.41164554796773634
9 9 9 -0.5947323361250418 -0.19637180580751346
9 9 10 -0.6977950437616183 0.2642788587416577
9 10 1 0.14886369602632102 0.9359671494533395
9 10 2 -0.34435087455836455 -0.5274820359001673
9 10 3 -0.358831796966922 -0.5362570798509744
9 10 4 -0.4135197849675043 -0.5359077283816283
9 10 5 -0.47525627622684175 -0.5350927863085918
9 10 6 -0.4793063751796745 -0.5392315135344077
9 10 7 -0.5264591404762466 -0.41611115783178687
9 10 8 -0.5932269482776427 -0.1961358187207269
9 10 9 -0.6977950437616183 0.2642788587416577
9 10 10 -0.8420554648438267 0.7439701342370828
