1 hard 4 [-0.253077, -0.253077, -0.666951]
1 hard 5 [-0.278575, -0.278575, -0.666951]
1 hard 6 [-0.304147, -0.304147, -0.666951]
1 hard 7 [-0.310072, -0.310072, -0.666951]
1 hard 8 [-0.197029, -0.197029, -0.666951]
1 hard 9 [-0.0656808, -0.0656808, -0.666951]
1 hard 10 [0.0814497, 0.0814497, -0.666951]
1 hard 11 [0.143001, 0.143001, -0.666951]
1 hard 12 [-0.35054, -0.35054, -0.666951]
1 hard 13 [-0.39693, -0.39693, -0.666951]
1 hard 14 [-0.440007, -0.440007, -0.666951]
1 hard 15 [-0.480006, -0.480006, -0.666951]
1 hard 16 [-0.517149, -0.517149, -0.666951]
1 hard 17 [-0.478033, -0.5573, -0.478033]
1 hard 18 [-0.100199, -0.626515, -0.100199]
1 hard 19 [0.277636, -0.724795, 0.277636]
1 hard 20 [0.65547, -0.852139, 0.65547]
1 hard 21 [0.922194, -1, 0.922194]
1 soft 2 [-0.0204779, -0.0204779, -0.666951]
1 soft 3 [-0.0573081, -0.0573081, -0.666951]
1 soft 4 [-0.0938743, -0.0938743, -0.666951]
1 soft 5 [-0.130027, -0.130027, -0.666951]
1 soft 6 [-0.165637, -0.165637, -0.666951]
1 soft 7 [-0.179569, -0.179569, -0.478033]
1 soft 8 [-0.0929355, -0.0929355, -0.100199]
1 soft 9 [0.277636, -0.00574289, 0.277636]
1 soft 10 [0.65547, 0.0814497, 0.65547]
1 soft 11 [0.922194, 0.143001, 0.922194]
2 hard 4 [-0.114913, -0.114913, -0.292784]
2 hard 5 [-0.128216, -0.128216, -0.292784]
2 hard 6 [-0.140759, -0.140759, -0.292784]
2 hard 7 [-0.109183, -0.109183, -0.292784]
2 hard 8 [-0.0217981, -0.0217981, -0.292784]
2 hard 9 [0.0744461, 0.0744461, -0.292784]
2 hard 10 [0.1825, 0.1825, -0.292784]
2 hard 11 [0.238351, 0.238351, -0.292784]
2 hard 12 [-0.25339, -0.25339, -0.292784]
2 hard 13 [-0.292784, -0.307791, -0.292784]
2 hard 14 [-0.292784, -0.362192, -0.292784]
2 hard 15 [-0.292784, -0.416594, -0.292784]
2 hard 16 [-0.292784, -0.470995, -0.292784]
2 hard 17 [-0.152975, -0.536151, -0.152975]
2 hard 18 [0.121742, -0.622439, 0.121742]
2 hard 19 [0.386305, -0.729077, 0.386305]
2 hard 20 [0.639987, -0.85523, 0.639987]
2 hard 21 [0.882007, -1, 0.882007]
2 soft 2 [0.0818362, 0.0818362, -0.292784]
2 soft 3 [0.0466362, 0.0466362, -0.292784]
2 soft 4 [0.0223919, 0.0223919, -0.292784]
2 soft 5 [-0.000120647, -0.000120647, -0.292784]
2 soft 6 [-0.0210252, -0.0210252, -0.292784]
2 soft 7 [-0.000491004, -0.000491004, -0.152975]
2 soft 8 [0.121742, 0.0629051, 0.121742]
2 soft 9 [0.386305, 0.123958, 0.386305]
2 soft 10 [0.639987, 0.1825, 0.639987]
2 soft 11 [0.882007, 0.238351, 0.882007]
3 hard 4 [-0.0826133, -0.0826133, -0.25225]
3 hard 5 [-0.0953102, -0.0953102, -0.25225]
3 hard 6 [-0.107291, -0.107291, -0.25225]
3 hard 7 [-0.0765829, -0.0765829, -0.25225]
3 hard 8 [0.0080053, 0.0080053, -0.25225]
3 hard 9 [0.101265, 0.101265, -0.25225]
3 hard 10 [0.206088, 0.206088, -0.25225]
3 hard 11 [0.260325, 0.260325, -0.25225]
3 hard 12 [-0.233691, -0.233691, -0.25225]
3 hard 13 [-0.25225, -0.29121, -0.25225]
3 hard 14 [-0.25225, -0.348729, -0.25225]
3 hard 15 [-0.25225, -0.406249, -0.25225]
3 hard 16 [-0.25225, -0.463768, -0.25225]
3 hard 17 [-0.117216, -0.531674, -0.117216]
3 hard 18 [0.1483, -0.620005, 0.1483]
3 hard 19 [0.404363, -0.728033, 0.404363]
3 hard 20 [0.650272, -0.854977, 0.650272]
3 hard 21 [0.8853, -1, 0.8853]
3 soft 2 [0.103507, 0.103507, -0.25225]
3 soft 3 [0.0741189, 0.0741189, -0.25225]
3 soft 4 [0.0508068, 0.0508068, -0.25225]
3 soft 5 [0.0291598, 0.0291598, -0.25225]
3 soft 6 [0.00905915, 0.00905915, -0.25225]
3 soft 7 [0.0289753, 0.0289753, -0.117216]
3 soft 8 [0.1483, 0.0902483, 0.1483]
3 soft 9 [0.404363, 0.14934, 0.404363]
3 soft 10 [0.650272, 0.206088, 0.650272]
3 soft 11 [0.8853, 0.260325, 0.8853]
4 hard 4 [-0.0493674, -0.0493674, -0.211063]
4 hard 5 [-0.0614794, -0.0614794, -0.211063]
4 hard 6 [-0.0729171, -0.0729171, -0.211063]
4 hard 7 [-0.0430218, -0.0430218, -0.211063]
4 hard 8 [0.0387845, 0.0387845, -0.211063]
4 hard 9 [0.128981, 0.128981, -0.211063]
4 hard 10 [0.23047, 0.23047, -0.211063]
4 hard 11 [0.28302, 0.28302, -0.211063]
4 hard 12 [-0.211063, -0.213537, -0.211063]
4 hard 13 [-0.211063, -0.274224, -0.211063]
4 hard 14 [-0.211063, -0.334911, -0.211063]
4 hard 15 [-0.211063, -0.395599, -0.211063]
4 hard 16 [-0.211063, -0.456286, -0.211063]
4 hard 17 [-0.0805733, -0.527012, -0.0805733]
4 hard 18 [0.175854, -0.617462, 0.175854]
4 hard 19 [0.423179, -0.726937, 0.423179]
4 hard 20 [0.66105, -0.85471, 0.66105]
4 hard 21 [0.888767, -1, 0.888767]
4 soft 2 [0.126596, 0.126596, -0.211063]
4 soft 3 [0.102477, 0.102477, -0.211063]
4 soft 4 [0.0800815, 0.0800815, -0.211063]
4 soft 5 [0.0592854, 0.0592854, -0.211063]
4 soft 6 [0.0399748, 0.0399748, -0.211063]
4 soft 7 [0.0593263, 0.0593263, -0.0805733]
4 soft 8 [0.175854, 0.118502, 0.175854]
4 soft 9 [0.423179, 0.175577, 0.423179]
4 soft 10 [0.66105, 0.23047, 0.66105]
4 soft 11 [0.888767, 0.28302, 0.888767]
5 hard 4 [-0.0123799, -0.0123799, -0.167193]
5 hard 5 [-0.023979, -0.023979, -0.167193]
5 hard 6 [-0.034916, -0.034916, -0.167193]
5 hard 7 [-0.00727134, -0.00727134, -0.167193]
5 hard 8 [0.0708046, 0.0708046, -0.167193]
5 hard 9 [0.158032, 0.158032, -0.167193]
5 hard 10 [0.256259, 0.256259, -0.167193]
5 hard 11 [0.30735, 0.30735, -0.167193]
5 hard 12 [-0.167193, -0.193271, -0.167193]
5 hard 13 [-0.167193, -0.257333, -0.167193]
5 hard 14 [-0.167193, -0.321395, -0.167193]
5 hard 15 [-0.167193, -0.385458, -0.167193]
5 hard 16 [-0.167193, -0.44952, -0.167193]
5 hard 17 [-0.0449414, -0.522986, -0.0449414]
5 hard 18 [0.199561, -0.61526, 0.199561]
5 hard 19 [0.439512, -0.725991, 0.439512]
5 hard 20 [0.67036, -0.854481, 0.67036]
5 hard 21 [0.891754, -1, 0.891754]
5 soft 2 [0.156482, 0.156482, -0.167193]
5 soft 3 [0.133363, 0.133363, -0.167193]
5 soft 4 [0.111895, 0.111895, -0.167193]
5 soft 5 [0.0919597, 0.0919597, -0.167193]
5 soft 6 [0.0734489, 0.0734489, -0.167193]
5 soft 7 [0.0911891, 0.0911891, -0.0449414]
5 soft 8 [0.199561, 0.147613, 0.199561]
5 soft 9 [0.439512, 0.202986, 0.439512]
5 soft 10 [0.67036, 0.256259, 0.67036]
5 soft 11 [0.891754, 0.30735, 0.891754]
6 hard 4 [0.0111305, 0.0111305, -0.153699]
6 hard 5 [-0.0011863, -0.0011863, -0.153699]
6 hard 6 [-0.0130058, -0.0130058, -0.153699]
6 hard 7 [0.0291854, 0.0291854, -0.153699]
6 hard 8 [0.11496, 0.11496, -0.153699]
6 hard 9 [0.196019, 0.196019, -0.153699]
6 hard 10 [0.287795, 0.287795, -0.153699]
6 hard 11 [0.33369, 0.33369, -0.153699]
6 hard 12 [-0.153699, -0.170526, -0.153699]
6 hard 13 [-0.153699, -0.235626, -0.153699]
6 hard 14 [-0.153699, -0.300726, -0.153699]
6 hard 15 [-0.153699, -0.365826, -0.153699]
6 hard 16 [-0.153699, -0.430927, -0.153699]
6 hard 17 [0.0117392, -0.508753, 0.0117392]
6 hard 18 [0.283444, -0.607479, 0.283444]
6 hard 19 [0.495977, -0.722554, 0.495977]
6 hard 20 [0.703959, -0.853628, 0.703959]
6 hard 21 [0.902837, -1, 0.902837]
6 soft 2 [0.185954, 0.185954, -0.153699]
6 soft 3 [0.161693, 0.161693, -0.153699]
6 soft 4 [0.139165, 0.139165, -0.153699]
6 soft 5 [0.118246, 0.118246, -0.153699]
6 soft 6 [0.0988213, 0.0988213, -0.153699]
6 soft 7 [0.128052, 0.128052, 0.0117392]
6 soft 8 [0.283444, 0.190753, 0.283444]
6 soft 9 [0.495977, 0.239799, 0.495977]
6 soft 10 [0.703959, 0.287795, 0.703959]
6 soft 11 [0.902837, 0.33369, 0.902837]
7 hard 4 [-0.0882792, -0.0882792, -0.475375]
7 hard 5 [-0.119447, -0.119447, -0.475375]
7 hard 6 [-0.151933, -0.151933, -0.475375]
7 hard 7 [-0.0688078, -0.0688078, -0.475375]
7 hard 8 [0.0822074, 0.0822074, -0.475375]
7 hard 9 [0.171868, 0.171868, -0.475375]
7 hard 10 [0.256909, 0.256909, -0.475375]
7 hard 11 [0.292147, 0.292147, -0.475375]
7 hard 12 [-0.212848, -0.212848, -0.475375]
7 hard 13 [-0.269073, -0.269073, -0.475375]
7 hard 14 [-0.321282, -0.321282, -0.475375]
7 hard 15 [-0.369762, -0.369762, -0.475375]
7 hard 16 [-0.414779, -0.414779, -0.475375]
7 hard 17 [-0.106809, -0.483486, -0.106809]
7 hard 18 [0.399554, -0.591144, 0.399554]
7 hard 19 [0.615977, -0.71545, 0.615977]
7 hard 20 [0.773227, -0.851852, 0.773227]
7 hard 21 [0.925926, -1, 0.925926]
7 soft 2 [0.165473, 0.165473, -0.475375]
7 soft 3 [0.122386, 0.122386, -0.475375]
7 soft 4 [0.0795075, 0.0795075, -0.475375]
7 soft 5 [0.0370283, 0.0370283, -0.475375]
7 soft 6 [-0.00489014, -0.00489014, -0.475375]
7 soft 7 [0.0538235, 0.0538235, -0.106809]
7 soft 8 [0.399554, 0.170677, 0.399554]
7 soft 9 [0.615977, 0.22062, 0.615977]
7 soft 10 [0.773227, 0.256909, 0.773227]
7 soft 11 [0.925926, 0.292147, 0.925926]
8 hard 4 [-0.159334, -0.159334, -0.510518]
8 hard 5 [-0.188093, -0.188093, -0.510518]
8 hard 6 [-0.217242, -0.217242, -0.510518]
8 hard 7 [-0.210605, -0.210605, -0.510518]
8 hard 8 [-0.0598983, -0.0598983, -0.510518]
8 hard 9 [0.0983762, 0.0983762, -0.510518]
8 hard 10 [0.197954, 0.197954, -0.510518]
8 hard 11 [0.229982, 0.229982, -0.510518]
8 hard 12 [-0.271575, -0.271575, -0.510518]
8 hard 13 [-0.323605, -0.323605, -0.510518]
8 hard 14 [-0.371919, -0.371919, -0.510518]
8 hard 15 [-0.416782, -0.416782, -0.510518]
8 hard 16 [-0.45844, -0.45844, -0.510518]
8 hard 17 [-0.381951, -0.505983, -0.381951]
8 hard 18 [0.105951, -0.591056, 0.105951]
8 hard 19 [0.593854, -0.71366, 0.593854]
8 hard 20 [0.791815, -0.851492, 0.791815]
8 hard 21 [0.930605, -1, 0.930605]
8 soft 2 [0.095115, 0.095115, -0.510518]
8 soft 3 [0.0540571, 0.0540571, -0.510518]
8 soft 4 [0.0132772, 0.0132772, -0.510518]
8 soft 5 [-0.0270548, -0.0270548, -0.510518]
8 soft 6 [-0.0667948, -0.0667948, -0.510518]
8 soft 7 [-0.0729154, -0.0729154, -0.381951]
8 soft 8 [0.105951, 0.0396775, 0.105951]
8 soft 9 [0.593854, 0.15227, 0.593854]
8 soft 10 [0.791815, 0.197954, 0.791815]
8 soft 11 [0.930605, 0.229982, 0.930605]
9 hard 4 [-0.240666, -0.240666, -0.54315]
9 hard 5 [-0.266615, -0.266615, -0.54315]
9 hard 6 [-0.292641, -0.292641, -0.54315]
9 hard 7 [-0.285365, -0.285365, -0.54315]
9 hard 8 [-0.210186, -0.210186, -0.54315]
9 hard 9 [-0.0521781, -0.0521781, -0.54315]
9 hard 10 [0.11653, 0.11653, -0.54315]
9 hard 11 [0.158257, 0.158257, -0.54315]
9 hard 12 [-0.340013, -0.340013, -0.54315]
9 hard 13 [-0.387155, -0.387155, -0.54315]
9 hard 14 [-0.43093, -0.43093, -0.54315]
9 hard 15 [-0.471578, -0.471578, -0.54315]
9 hard 16 [-0.509322, -0.509322, -0.54315]
9 hard 17 [-0.423154, -0.553695, -0.423154]
9 hard 18 [-0.183163, -0.616529, -0.183163]
9 hard 19 [0.287597, -0.715574, 0.287597]
9 hard 20 [0.758357, -0.850833, 0.758357]
9 hard 21 [0.939176, -1, 0.939176]
9 soft 2 [6.57886e-05, 6.57886e-05, -0.54315]
9 soft 3 [-0.0376947, -0.0376947, -0.54315]
9 soft 4 [-0.0751632, -0.0751632, -0.54315]
9 soft 5 [-0.112189, -0.112189, -0.54315]
9 soft 6 [-0.148644, -0.148644, -0.54315]
9 soft 7 [-0.149787, -0.149787, -0.423154]
9 soft 8 [-0.100744, -0.100744, -0.183163]
9 soft 9 [0.287597, 0.00789265, 0.287597]
9 soft 10 [0.758357, 0.11653, 0.758357]
9 soft 11 [0.939176, 0.158257, 0.939176]
10 hard 4 [-0.289198, -0.289198, -0.54043]
10 hard 5 [-0.313412, -0.313412, -0.54043]
10 hard 6 [-0.337749, -0.337749, -0.54043]
10 hard 7 [-0.319055, -0.319055, -0.54043]
10 hard 8 [-0.249375, -0.249375, -0.54043]
10 hard 9 [-0.152953, -0.152953, -0.54043]
10 hard 10 [0.0253085, 0.0253085, -0.54043]
10 hard 11 [0.119482, 0.119482, -0.54043]
10 hard 12 [-0.381043, -0.381043, -0.54043]
10 hard 13 [-0.425254, -0.425254, -0.54043]
10 hard 14 [-0.466307, -0.466307, -0.54043]
10 hard 15 [-0.504428, -0.504428, -0.54043]
10 hard 16 [-0.539826, -0.539826, -0.54043]
10 hard 17 [-0.419721, -0.584463, -0.419721]
10 hard 18 [-0.178301, -0.647671, -0.178301]
10 hard 19 [0.0631182, -0.729449, 0.0631182]
10 hard 20 [0.554538, -0.849029, 0.554538]
10 hard 21 [0.962624, -1, 0.962624]
10 soft 2 [-0.0700024, -0.0700024, -0.54043]
10 soft 3 [-0.104851, -0.104851, -0.54043]
10 soft 4 [-0.139467, -0.139467, -0.54043]
10 soft 5 [-0.173704, -0.173704, -0.54043]
10 soft 6 [-0.207441, -0.207441, -0.54043]
10 soft 7 [-0.196867, -0.196867, -0.419721]
10 soft 8 [-0.143808, -0.143808, -0.178301]
10 soft 9 [0.0631182, -0.0880959, 0.0631182]
10 soft 10 [0.554538, 0.0253085, 0.554538]
10 soft 11 [0.962624, 0.119482, 0.962624]
