Using 6 CPU cores

[100000000000000, 2]
[33333333333334, 4]
[11111111111112, 10]
[9090909090910, 12]
[3030303030304, 34]
[1010101010102, 100]
[418410041842, 240]
[139470013948, 718]
[46490004650, 2152]
[38037276532, 2630]
[21510002152, 4650]
[12679092178, 7888]
[7170000718, 13948]
[4226364060, 23662]
[2390000240, 41842]
[1955454742, 51140]
[651818248, 153418]
[217272750, 460252]
[109999990, 909092]
[90000010, 1111112]
[36666664, 2727274]
[30000004, 3333334]
[12222222, 8181820]
[10000002, 10000000]
[4347826086957, 12, 2]
[6666666666667, 4, 4]
[3703703703704, 7, 4]
[740740740741, 34, 4]
[24956326429, 1002, 4]
[4991265286, 5009, 4]
[2772925159, 9016, 4]
[554585032, 45079, 4]
[840336134454, 24, 5]
[7231180852, 2305, 6]
[91533935, 182082, 6]
[653594771242, 22, 7]
[1142087050, 10945, 8]
[4476454, 2792389, 8]
[28943560058, 384, 9]
[2451641374, 4079, 10]
[5823772640, 1431, 12]
[2785282567, 2992, 12]
[2135976248, 2601, 18]
[155038759690, 34, 19]
[32102728732, 164, 19]
[10240655402, 514, 19]
[3732875434, 1410, 19]
[1190773884, 4420, 19]
[580669512, 9064, 19]
[13025921584, 349, 22]
[79073449, 57484, 22]
[2884342, 1575907, 22]
[9511983, 438044, 24]
[2210128, 1809850, 25]
[6296039791, 418, 38]
[2507585446, 997, 40]
[3147695, 661860, 48]
[5362864, 380546, 49]
[1998544, 962239, 52]
[23679848449, 66, 64]
[6974959894, 214, 67]
[215063476, 6940, 67]
[17405686, 85750, 67]
[2351482, 634722, 67]
[113919739, 11254, 78]
[7310475912, 171, 80]
[230229608, 5110, 85]
[2423361202, 439, 94]
[1039490234, 934, 103]
[129692098, 7486, 103]
[1371787, 587884, 124]
[742462153, 976, 138]
[319177798, 2254, 139]
[434157799, 1294, 178]
[6060472, 72054, 229]
[41070140, 10020, 243]
[61415668, 5010, 325]
[338172583, 826, 358]
[2481650, 101757, 396]
[138235534, 1804, 401]
[5139581, 44020, 442]
[41798279, 5134, 466]
[27034414, 6914, 535]
[74348171, 2368, 568]
[19045359, 8004, 656]
[59657008, 2250, 745]
[44826988, 2535, 880]
[3036547, 29092, 1132]
[1630554, 51150, 1199]
[4913038, 15914, 1279]
[11472933, 6466, 1348]
[8376529, 7324, 1630]
[1306015, 22600, 3388]
[3908368, 7171, 3568]
[826291, 26482, 4570]
[3819145, 5722, 4576]
[138098, 43270, 16735]
[220636, 23293, 19458]
[85279, 42388, 27664]
[447249194, 37265, 3, 2]
[362698623, 45952, 3, 2]
[12181751736, 821, 5, 2]
[6601095782, 1515, 5, 2]
[63778805, 156792, 5, 2]
[34560711, 289346, 5, 2]
[21263023602, 196, 12, 2]
[129891891, 16039, 24, 2]
[3095523, 673015, 24, 2]
[7171009, 174313, 40, 2]
[16028209649, 65, 48, 2]
[9697817, 79320, 65, 2]
[49643091, 5301, 190, 2]
[1912755, 93026, 281, 2]
[1467193, 21720, 1569, 2]
[796139, 32864, 1911, 2]
[262608, 71632, 2658, 2]
[139070, 28314, 12698, 2]
[566030260, 3926, 15, 3]
[62191414, 35732, 15, 3]
[2971021, 400696, 28, 3]
[3695628072, 205, 44, 3]
[458482149, 284, 256, 3]
[516946, 185291, 348, 3]
[2321182, 10444, 1375, 3]
[139861, 17778, 13406, 3]
[52382, 26065, 24414, 3]
[900900900901, 7, 4, 4]
[30950170226, 202, 4, 4]
[1505683957, 4151, 4, 4]
[122570800, 33994, 6, 4]
[4590735895, 778, 7, 4]
[1888681134, 1891, 7, 4]
[730657665, 4888, 7, 4]
[82304526749, 19, 16, 4]
[11448196909, 91, 24, 4]
[24727240, 10423, 97, 4]
[41118979, 1176, 517, 4]
[4260853, 4185, 1402, 4]
[174659, 44466, 3219, 4]
[347616, 12171, 5909, 4]
[11948858884, 186, 9, 5]
[30312215823, 66, 10, 5]
[659287047, 1896, 16, 5]
[1618149161, 618, 20, 5]
[6818641, 122214, 24, 5]
[3353566518, 213, 28, 5]
[21536783, 24438, 38, 5]
[11041514, 47667, 38, 5]
[963516, 546245, 38, 5]
[3580507716, 114, 49, 5]
[37562932, 7395, 72, 5]
[343356, 262381, 222, 5]
[15293609, 1772, 738, 5]
[2553936, 9213, 850, 5]
[98232, 63269, 3218, 5]
[177215, 12692, 8892, 5]
[123609394314, 15, 9, 6]
[2247443533, 824, 9, 6]
[698816903, 2385, 10, 6]
[41067761807, 29, 14, 6]
[30102937, 23069, 24, 6]
[930068174, 224, 80, 6]
[1348337, 131499, 94, 6]
[1709109, 62914, 155, 6]
[86156, 29377, 6585, 6]
[925728780, 1929, 8, 7]
[113136378, 14030, 9, 7]
[1493503, 956524, 10, 7]
[2478499021, 262, 22, 7]
[367602460, 1143, 34, 7]
[47178112, 4148, 73, 7]
[6283921, 27064, 84, 7]
[3317818, 3943, 1092, 7]
[570577, 10112, 2476, 7]
[8938788, 174800, 8, 8]
[4370820403, 220, 13, 8]
[14153883, 17663, 50, 8]
[42735061, 4875, 60, 8]
[3109917, 7975, 504, 8]
[350222216, 1094, 29, 9]
[12627814, 16921, 52, 9]
[175806, 67667, 934, 9]
[55548180, 15002, 12, 10]
[4657878802, 113, 19, 10]
[3703840883, 75, 36, 10]
[34920115, 2983, 96, 10]
[80952061, 1123, 110, 10]
[8477616, 6517, 181, 10]
[2197852, 14263, 319, 10]
[377374, 18313, 1447, 10]
[266585, 15841, 2368, 10]
[198563, 13081, 3850, 10]
[46403712297, 14, 14, 11]
[30112727, 21564, 14, 11]
[24055809478, 21, 18, 11]
[16604039, 6518, 84, 11]
[3450380, 29604, 89, 11]
[7907013521, 62, 17, 12]
[4228453, 45832, 43, 12]
[7160938, 2067, 563, 12]
[9862905612, 39, 20, 13]
[7379704, 18952, 55, 13]
[445210206, 163, 106, 13]
[443371, 21314, 814, 13]
[164896, 26965, 1730, 13]
[3586899, 142241, 14, 14]
[1331646581, 149, 36, 14]
[55749160, 625, 205, 14]
[401367, 46956, 379, 14]
[1596703, 4704, 951, 14]
[9922904, 26244, 24, 16]
[21368914, 889, 329, 16]
[314391, 6968, 2853, 16]
[134116754, 645, 68, 17]
[10064940, 6152, 95, 17]
[3220472, 16605, 110, 17]
[739474, 17293, 460, 17]
[188444, 12830, 2433, 17]
[6787336, 22807, 34, 19]
[87058, 55771, 1084, 19]
[1809309, 13957, 198, 20]
[105815, 57345, 824, 20]
[41321, 15280, 7542, 21]
[11020888, 6874, 60, 22]
[6121363, 2543, 292, 22]
[472844, 139319, 66, 23]
[728550, 7651, 780, 23]
[1773081083, 50, 47, 24]
[6584784, 5022, 126, 24]
[150948181, 637, 40, 26]
[922083, 12526, 333, 26]
[159463946, 474, 49, 27]
[4428615, 3908, 214, 27]
[2837805, 5669, 222, 28]
[16162230, 486, 439, 29]
[685576, 7750, 649, 29]
[7940214, 1034, 406, 30]
[51178, 41359, 1524, 31]
[51819083, 1587, 38, 32]
[67966411, 281, 154, 34]
[32394676, 388, 234, 34]
[15149929, 566, 343, 34]
[26604, 15457, 6948, 35]
[7348619, 3240, 105, 40]
[81667, 79512, 385, 40]
[569064, 8631, 509, 40]
[105936, 78861, 285, 42]
[4799098, 686, 675, 45]
[1929434, 1574, 588, 56]
[717322, 3248, 753, 57]
[64718, 53989, 477, 60]
[88047, 11240, 1531, 66]
[37635, 6888, 4434, 87]
[53627383, 163, 130, 88]
[6037309, 1086, 164, 93]
[1345023, 2538, 302, 97]
[460165, 2719, 754, 106]
[91197, 86682, 115, 110]
[4799098, 1134, 147, 125]
[57826, 12657, 1051, 130]
[346634, 7979, 276, 131]
[363346, 6571, 283, 148]
[4537146, 428, 314, 164]
[2144440, 637, 441, 166]
[77136, 8613, 646, 233]
[13901, 11067, 2664, 244]
[105415, 7879, 430, 280]
[39906, 7720, 1131, 287]
[178131, 3662, 511, 300]
[72496, 5629, 754, 325]
[21969, 20171, 656, 344]
[31040, 13374, 671, 359]
[9682, 3958, 1923, 1357]
[235545, 138199, 8, 6, 2, 2, 2, 2, 2, 2]
[8196421, 94, 52, 39, 2, 2, 2, 2, 2, 2]
[85520, 16762, 109, 5, 4, 2, 2, 2, 2, 2]
[1446910, 993, 87, 5, 5, 2, 2, 2, 2, 2]
[46094866, 149, 13, 7, 5, 2, 2, 2, 2, 2]
[83147153, 87, 12, 6, 6, 2, 2, 2, 2, 2]
[3061, 2501, 785, 40, 13, 2, 2, 2, 2, 2]
[83147153, 87, 12, 8, 3, 3, 2, 2, 2, 2]
[20807, 7193, 116, 40, 3, 3, 2, 2, 2, 2]
[26088633, 31, 23, 7, 6, 4, 4, 2, 2, 2]
[20807, 7193, 145, 6, 4, 4, 4, 3, 2, 2]
[47478, 1478, 58, 13, 7, 5, 3, 3, 3, 2]
[29769, 1959, 234, 229, 2, 2, 2, 2, 2]
[46038502, 1676, 9, 3, 3, 2, 2, 2, 2]
[3187026, 12571, 13, 4, 3, 2, 2, 2, 2]
[116635078, 229, 13, 6, 3, 2, 2, 2, 2]
[3113, 1187, 935, 603, 3, 2, 2, 2, 2]
[1760492, 13052, 17, 4, 4, 2, 2, 2, 2]
[7075579, 866, 17, 15, 4, 2, 2, 2, 2]
[3061, 2501, 520, 314, 5, 2, 2, 2, 2]
[20807, 7193, 120, 29, 12, 2, 2, 2, 2]
[1489778, 856, 29, 13, 13, 2, 2, 2, 2]
[1310322, 2190, 121, 4, 3, 3, 2, 2, 2]
[48035, 522, 287, 193, 3, 3, 2, 2, 2]
[235545, 138199, 8, 4, 4, 3, 2, 2, 2]
[83147153, 72, 29, 6, 4, 3, 2, 2, 2]
[84303, 1607, 699, 11, 4, 3, 2, 2, 2]
[13901, 13764, 183, 17, 7, 3, 2, 2, 2]
[43798, 1486, 97, 44, 15, 3, 2, 2, 2]
[3113, 1474, 1187, 51, 15, 3, 2, 2, 2]
[73177, 5713, 299, 5, 5, 4, 2, 2, 2]
[83147153, 87, 9, 8, 6, 4, 2, 2, 2]
[1621269, 187, 31, 19, 10, 7, 2, 2, 2]
[5408404, 83, 68, 13, 7, 3, 3, 2, 2]
[83147153, 87, 12, 6, 4, 4, 3, 2, 2]
[47478, 1478, 35, 29, 13, 9, 3, 2, 2]
[8196421, 141, 26, 13, 4, 4, 4, 2, 2]
[47478, 1478, 39, 29, 9, 7, 5, 2, 2]
[352969, 5996, 21, 5, 5, 5, 3, 3, 2]
[47478, 1478, 39, 29, 10, 7, 3, 3, 2]
[103919965, 220, 6, 3, 3, 3, 3, 3, 3]
[26088633, 31, 23, 7, 4, 4, 4, 4, 3]
[4748, 849, 201, 17, 11, 11, 5, 4, 3]
[2857142857143, 3, 3, 2, 2]
[9178522258, 908, 3, 2, 2]
[1641092968, 5078, 3, 2, 2]
[5271983, 1580683, 3, 2, 2]
[1135518, 172003, 128, 2, 2]
[1125438, 55813, 398, 2, 2]
[506418, 17153, 2878, 2, 2]
[435117460, 9576, 4, 3, 2]
[8290761, 402054, 5, 3, 2]
[70305442, 10307, 23, 3, 2]
[45168118, 14192, 26, 3, 2]
[12396036, 35382, 38, 3, 2]
[14436316, 24052, 48, 3, 2]
[2887555, 37973, 152, 3, 2]
[305587048, 270, 202, 3, 2]
[91982527, 598, 303, 3, 2]
[2175238, 4921, 1557, 3, 2]
[2611528, 797745, 6, 4, 2]
[5752284, 217305, 10, 4, 2]
[11763268, 35421, 30, 4, 2]
[2881596, 53554, 81, 4, 2]
[3770514, 2019, 1642, 4, 2]
[734222, 412723, 33, 5, 2]
[7134551, 46721, 25, 6, 2]
[402167, 83891, 247, 6, 2]
[7348619, 3000, 378, 6, 2]
[470034, 6581, 2694, 6, 2]
[1971025919, 453, 8, 7, 2]
[24055809478, 33, 9, 7, 2]
[4766061, 124891, 12, 7, 2]
[198910369, 630, 57, 7, 2]
[818203389, 97, 90, 7, 2]
[260471, 9555, 2870, 7, 2]
[11786761, 66282, 8, 8, 2]
[542027, 311643, 37, 8, 2]
[19243444, 4218, 77, 8, 2]
[18631359, 3812, 88, 8, 2]
[19835394, 3147, 89, 9, 2]
[504895, 10756, 1023, 9, 2]
[32558241, 13961, 11, 10, 2]
[21513894, 21128, 11, 10, 2]
[1694295, 77660, 38, 10, 2]
[868042, 6690, 861, 10, 2]
[849544, 95544, 56, 11, 2]
[3663503, 5085, 244, 11, 2]
[564748, 82898, 89, 12, 2]
[699268, 3303, 1804, 12, 2]
[124642, 17643, 1749, 13, 2]
[3565453, 12842, 78, 14, 2]
[260471, 11193, 1225, 14, 2]
[29829, 19638, 4742, 18, 2]
[39991058, 1359, 46, 20, 2]
[607726, 2336, 1761, 20, 2]
[389606, 203706, 30, 21, 2]
[12914132, 6012, 28, 23, 2]
[2175629, 4015, 212, 27, 2]
[210477, 37493, 192, 33, 2]
[1207921, 4949, 204, 41, 2]
[211979828, 117, 48, 42, 2]
[73642095, 180, 82, 46, 2]
[567692, 3503, 493, 51, 2]
[294076, 53366, 59, 54, 2]
[32209, 10499, 2594, 57, 2]
[26584835, 219, 113, 76, 2]
[197150, 1720, 983, 150, 2]
[212497, 1953, 753, 160, 2]
[443273, 1158, 411, 237, 2]
[264954706, 2621, 16, 3, 3]
[571738944, 237, 82, 3, 3]
[10043453, 5762, 192, 3, 3]
[586308, 49871, 380, 3, 3]
[16028209649, 104, 5, 4, 3]
[14369880730, 58, 10, 4, 3]
[4766061, 124891, 14, 4, 3]
[3703840883, 90, 25, 4, 3]
[5172530, 64443, 25, 4, 3]
[986086322, 313, 27, 4, 3]
[2746724531, 74, 41, 4, 3]
[339832055, 402, 61, 4, 3]
[12950236, 10549, 61, 4, 3]
[1857449, 41160, 109, 4, 3]
[43044318, 1317, 147, 4, 3]
[20666251, 2386, 169, 4, 3]
[368340, 53233, 425, 4, 3]
[9862905612, 52, 13, 5, 3]
[656818764, 175, 58, 5, 3]
[1426147, 66780, 70, 5, 3]
[633374, 4855, 2168, 5, 3]
[94420, 13247, 5330, 5, 3]
[63659, 21136, 4129, 6, 3]
[24287260, 15082, 13, 7, 3]
[1596703, 5072, 588, 7, 3]
[27942085, 2571, 58, 8, 3]
[3703840883, 100, 10, 9, 3]
[377468170, 892, 11, 9, 3]
[151965753, 1354, 18, 9, 3]
[656818764, 203, 25, 10, 3]
[19105047, 3231, 54, 10, 3]
[219830950, 162, 78, 12, 3]
[712147, 69653, 42, 16, 3]
[1392037, 7114, 198, 17, 3]
[211979828, 104, 84, 18, 3]
[3168012, 2157, 271, 18, 3]
[507931348, 157, 22, 19, 3]
[795070, 11030, 181, 21, 3]
[73642095, 164, 120, 23, 3]
[87771114, 129, 128, 23, 3]
[4799098, 1134, 245, 25, 3]
[91441530, 277, 47, 28, 3]
[103919965, 108, 99, 30, 3]
[190969, 6968, 835, 30, 3]
[710598, 1988, 694, 34, 3]
[103919965, 135, 66, 36, 3]
[86531, 24304, 317, 50, 3]
[78482, 45966, 110, 84, 3]
[94568, 10155, 390, 89, 3]
[27020, 21431, 468, 123, 3]
[375864, 3329, 185, 144, 3]
[6524, 4289, 2671, 446, 3]
[6242, 3625, 1830, 805, 3]
[9313180, 167773, 4, 4, 4]
[1315579, 125020, 38, 4, 4]
[830686, 77566, 97, 4, 4]
[282395, 155860, 142, 4, 4]
[566887, 4825, 2285, 4, 4]
[3452550, 1441, 1005, 5, 4]
[36563071298, 19, 6, 6, 4]
[209549155, 3314, 6, 6, 4]
[795500, 436483, 12, 6, 4]
[25123261, 2811, 59, 6, 4]
[1552211, 24627, 109, 6, 4]
[4678284, 3711, 240, 6, 4]
[318102, 36284, 361, 6, 4]
[371999, 25631, 437, 6, 4]
[16760461, 519, 479, 6, 4]
[41062, 17190, 5903, 6, 4]
[344733676, 370, 28, 7, 4]
[617982, 91733, 63, 7, 4]
[84243, 9598, 4417, 7, 4]
[1409016, 179221, 11, 9, 4]
[813465, 24199, 127, 10, 4]
[366219, 12956, 479, 11, 4]
[607726, 2935, 1168, 12, 4]
[211979828, 108, 84, 13, 4]
[40762304, 1036, 37, 16, 4]
[717322, 3514, 522, 19, 4]
[973319, 1211, 1010, 21, 4]
[68416, 33524, 436, 25, 4]
[5303370, 704, 216, 31, 4]
[41700, 7129, 2336, 36, 4]
[61991, 3244, 2181, 57, 4]
[3743479, 805, 136, 61, 4]
[21562882, 124, 110, 85, 4]
[7171, 5627, 5163, 120, 4]
[19614, 3184, 2922, 137, 4]
[169792, 2503, 325, 181, 4]
[10576, 3169, 1171, 637, 4]
[86907, 69526, 662, 5, 5]
[389606, 203706, 42, 6, 5]
[1773081083, 94, 15, 8, 5]
[8268673, 5599, 36, 12, 5]
[73642095, 207, 82, 16, 5]
[167732, 17073, 291, 24, 5]
[228009, 24447, 138, 26, 5]
[1619332, 1953, 204, 31, 5]
[217299, 6884, 382, 35, 5]
[4851463, 1862, 54, 41, 5]
[5307, 3750, 3121, 322, 5]
[6242, 4375, 1334, 549, 5]
[7219, 2554, 1951, 556, 5]
[198910369, 665, 18, 7, 6]
[712147, 69653, 48, 7, 6]
[7975963, 2017, 148, 7, 6]
[560381, 97195, 34, 9, 6]
[315151, 2509, 2342, 9, 6]
[41693785, 1580, 23, 11, 6]
[373503, 130858, 31, 11, 6]
[260471, 12005, 410, 13, 6]
[268776, 26331, 157, 15, 6]
[32394676, 582, 52, 17, 6]
[264559, 39008, 95, 17, 6]
[498988, 11357, 173, 17, 6]
[2144440, 637, 581, 21, 6]
[73642095, 240, 41, 23, 6]
[37748, 11464, 786, 49, 6]
[650521, 574, 565, 79, 6]
[19939, 2504, 1279, 261, 6]
[9752074, 20927, 10, 7, 7]
[1301918, 5983, 262, 7, 7]
[22155269, 3100, 16, 13, 7]
[2175238, 6401, 57, 18, 7]
[770202, 15853, 65, 18, 7]
[716865, 45291, 22, 20, 7]
[3228432, 583, 230, 33, 7]
[2122597, 850, 214, 37, 7]
[255379, 1738, 847, 38, 7]
[398167, 1690, 386, 55, 7]
[7625246, 249, 99, 76, 7]
[1159442, 933, 142, 93, 7]
[199478, 7168, 103, 97, 7]
[64726, 3960, 355, 157, 7]
[87771114, 138, 129, 8, 8]
[1753624, 5433, 164, 8, 8]
[1575079, 46410, 19, 9, 8]
[30299, 15834, 2895, 9, 8]
[438373, 39061, 73, 10, 8]
[205678, 33411, 107, 17, 8]
[223143, 2091, 893, 30, 8]
[11450, 8497, 1137, 113, 8]
[103919965, 132, 90, 9, 9]
[103919965, 165, 54, 12, 9]
[892190, 20250, 41, 15, 9]
[103919965, 180, 33, 18, 9]
[135563, 5252, 867, 18, 9]
[57804, 49111, 206, 19, 9]
[42804, 3695, 2509, 28, 9]
[137146, 1769, 898, 51, 9]
[2403903940, 32, 13, 10, 10]
[369414, 16406, 165, 10, 10]
[130156, 42448, 181, 10, 10]
[716865, 45291, 28, 11, 10]
[21562882, 155, 136, 22, 10]
[5220940, 431, 202, 22, 10]
[212090, 3157, 145, 103, 10]
[9821640, 2314, 20, 20, 11]
[46603, 39843, 136, 36, 11]
[247622, 45787, 49, 15, 12]
[3679176, 500, 302, 15, 12]
[135563, 5454, 663, 17, 12]
[224483, 2463, 471, 32, 12]
[1310322, 2190, 88, 33, 12]
[120547, 878, 543, 145, 12]
[190950, 7682, 114, 46, 13]
[42862, 5535, 579, 56, 13]
[4799098, 1323, 45, 25, 14]
[179307, 828, 237, 203, 14]
[23376, 1401, 796, 274, 14]
[43466, 994, 599, 276, 14]
[307295, 51654, 21, 20, 15]
[320647, 6912, 64, 47, 15]
[289531, 862, 504, 53, 15]
[5558644, 1285, 35, 25, 16]
[5303370, 864, 44, 31, 16]
[768815, 709, 147, 78, 16]
[46603, 39843, 144, 22, 17]
[10326, 7171, 331, 240, 17]
[255362, 6223, 92, 38, 18]
[7601985, 1049, 30, 22, 19]
[385080, 18852, 29, 25, 19]
[101605468, 56, 37, 25, 19]
[11503, 4204, 1196, 91, 19]
[610864, 587, 332, 42, 20]
[768815, 709, 168, 52, 21]
[5750, 3538, 3121, 75, 21]
[3228432, 742, 55, 33, 23]
[14060950, 121, 79, 31, 24]
[64726, 3925, 497, 33, 24]
[47478, 739, 609, 195, 24]
[208410, 4038, 163, 27, 27]
[179307, 644, 553, 58, 27]
[126618, 13131, 61, 34, 29]
[179307, 948, 207, 98, 29]
[40342, 2441, 192, 123, 43]
[8886, 1994, 760, 158, 47]
[53578, 883, 391, 106, 51]
[8750, 3121, 435, 138, 61]
[6242, 5750, 305, 145, 63]
[2264, 2057, 1187, 270, 67]
[5218, 1933, 974, 117, 87]
[48035, 386, 369, 168, 87]
[2948, 1415, 1187, 187, 108]
[4327, 2478, 677, 123, 112]
[1012231, 25727, 120, 2, 2, 2, 2, 2]
[1471264, 11298, 188, 2, 2, 2, 2, 2]
[5008263635, 26, 16, 3, 2, 2, 2, 2]
[8268673, 5599, 45, 3, 2, 2, 2, 2]
[6584784, 5103, 62, 3, 2, 2, 2, 2]
[211979828, 117, 84, 3, 2, 2, 2, 2]
[1957906, 1733, 614, 3, 2, 2, 2, 2]
[354149033, 1103, 4, 4, 2, 2, 2, 2]
[5303370, 744, 198, 8, 2, 2, 2, 2]
[601159, 52508, 18, 11, 2, 2, 2, 2]
[130818, 83525, 44, 13, 2, 2, 2, 2]
[645403, 968, 244, 41, 2, 2, 2, 2]
[289531, 945, 431, 53, 2, 2, 2, 2]
[324377, 1926, 164, 61, 2, 2, 2, 2]
[575837, 258423, 7, 4, 3, 2, 2, 2]
[601159, 52508, 22, 6, 3, 2, 2, 2]
[211979828, 182, 12, 9, 3, 2, 2, 2]
[278894129, 83, 15, 12, 3, 2, 2, 2]
[2400480, 662, 114, 23, 3, 2, 2, 2]
[768815, 709, 196, 39, 3, 2, 2, 2]
[1815, 1698, 1187, 1139, 3, 2, 2, 2]
[3418065, 2689, 34, 10, 4, 2, 2, 2]
[83147153, 58, 27, 24, 4, 2, 2, 2]
[112107749, 223, 20, 5, 5, 2, 2, 2]
[46371, 2217, 386, 63, 5, 2, 2, 2]
[10636, 2271, 1247, 83, 5, 2, 2, 2]
[3679176, 755, 50, 15, 6, 2, 2, 2]
[72692, 29648, 29, 25, 8, 2, 2, 2]
[82238, 2791, 389, 14, 10, 2, 2, 2]
[8196421, 104, 47, 26, 12, 2, 2, 2]
[1621269, 133, 55, 34, 31, 2, 2, 2]
[46038502, 1676, 6, 6, 3, 3, 2, 2]
[278894129, 83, 20, 6, 3, 3, 2, 2]
[1301468, 4506, 29, 7, 7, 3, 2, 2]
[42862, 5790, 369, 13, 7, 3, 2, 2]
[48035, 579, 246, 174, 7, 3, 2, 2]
[289531, 1293, 106, 21, 10, 3, 2, 2]
[20807, 7193, 87, 64, 10, 3, 2, 2]
[5408404, 83, 52, 21, 17, 3, 2, 2]
[4327, 2583, 677, 118, 7, 4, 2, 2]
[557265, 155, 121, 46, 13, 4, 2, 2]
[117723, 6846, 47, 12, 11, 5, 2, 2]
[66586, 12557, 23, 20, 13, 5, 2, 2]
[43798, 1486, 97, 36, 22, 5, 2, 2]
[8196421, 141, 16, 13, 13, 8, 2, 2]
[43798, 1486, 97, 44, 10, 9, 2, 2]
[3113, 1474, 1187, 51, 10, 9, 2, 2]
[557265, 253, 31, 22, 20, 13, 2, 2]
[106033, 257, 111, 29, 19, 15, 2, 2]
[46038502, 1676, 8, 3, 3, 3, 3, 2]
[211979828, 182, 16, 3, 3, 3, 3, 2]
[219830950, 234, 9, 4, 3, 3, 3, 2]
[116635078, 229, 13, 4, 4, 3, 3, 2]
[20807, 7193, 96, 58, 5, 4, 3, 2]
[9150, 3121, 175, 29, 23, 5, 3, 2]
[235545, 138199, 6, 4, 4, 4, 4, 2]
[66586, 12557, 26, 23, 5, 5, 4, 2]
[557265, 242, 46, 31, 13, 5, 4, 2]
[557265, 253, 31, 26, 22, 5, 4, 2]
[83147153, 87, 8, 6, 6, 6, 4, 2]
[13295, 757, 83, 58, 43, 6, 4, 2]
[352969, 5996, 15, 9, 7, 5, 5, 2]
[1621269, 187, 31, 19, 8, 7, 5, 2]
[47478, 1478, 29, 26, 21, 9, 5, 2]
[83147153, 72, 29, 4, 4, 4, 3, 3]
[83147153, 87, 8, 8, 6, 4, 3, 3]
[4245, 1187, 268, 121, 17, 4, 3, 3]
[17210, 662, 101, 71, 34, 4, 3, 3]
[352969, 5996, 15, 10, 7, 5, 3, 3]
[47478, 1478, 29, 26, 21, 10, 3, 3]
[47478, 1478, 30, 29, 14, 13, 3, 3]
[83147153, 87, 9, 8, 4, 4, 4, 3]
[4748, 849, 121, 67, 51, 5, 4, 3]
[4748, 737, 283, 45, 17, 11, 4, 3]
[352969, 5996, 18, 7, 5, 5, 5, 3]
[9150, 3121, 161, 58, 5, 5, 5, 3]
[47478, 1478, 35, 29, 13, 6, 6, 3]
[4748, 737, 283, 51, 11, 9, 5, 4]
[4748, 849, 153, 67, 11, 11, 5, 4]
[47478, 1478, 39, 29, 7, 6, 6, 5]
[9363, 3050, 29, 25, 23, 7, 6, 5]
[20807, 7193, 145, 9, 4, 2, 2, 2, 2, 2, 2, 2]
[42774, 8340, 73, 6, 5, 2, 2, 2, 2, 2, 2, 2]
[83147153, 87, 12, 9, 2, 2, 2, 2, 2, 2, 2]
[229083, 12538, 34, 4, 4, 2, 2, 2, 2, 2, 2]
[83147153, 87, 16, 3, 3, 3, 2, 2, 2, 2, 2]
[26088633, 31, 23, 8, 7, 3, 2, 2, 2, 2, 2]
[20807, 7193, 145, 6, 6, 4, 2, 2, 2, 2, 2]
[20807, 7193, 145, 8, 4, 3, 3, 2, 2, 2, 2]
[42774, 8340, 73, 5, 4, 4, 3, 2, 2, 2, 2]
[41135335253, 38, 4, 2, 2, 2, 2]
[1917225, 34680, 94, 2, 2, 2, 2]
[4423232, 1626, 869, 2, 2, 2, 2]
[524519, 8493, 1403, 2, 2, 2, 2]
[511295, 8651, 1413, 2, 2, 2, 2]
[129133, 23984, 2018, 2, 2, 2, 2]
[247935, 163160, 103, 3, 2, 2, 2]
[94633970, 869, 38, 4, 2, 2, 2]
[17097878, 3111, 47, 5, 2, 2, 2]
[285232, 11609, 755, 5, 2, 2, 2]
[211979828, 108, 91, 6, 2, 2, 2]
[18046271, 1178, 98, 6, 2, 2, 2]
[5008263635, 26, 12, 8, 2, 2, 2]
[87771114, 184, 86, 9, 2, 2, 2]
[33398003, 478, 87, 9, 2, 2, 2]
[73642095, 205, 92, 9, 2, 2, 2]
[11426640, 313, 233, 15, 2, 2, 2]
[9821640, 2314, 25, 22, 2, 2, 2]
[45991750, 142, 87, 22, 2, 2, 2]
[29183115, 422, 35, 29, 2, 2, 2]
[224741, 5277, 155, 68, 2, 2, 2]
[212497, 2520, 251, 93, 2, 2, 2]
[645403, 968, 164, 122, 2, 2, 2]
[8222, 5273, 1696, 170, 2, 2, 2]
[11201971547, 62, 4, 3, 3, 2, 2]
[211979828, 156, 42, 6, 3, 2, 2]
[34226, 8962, 3396, 8, 3, 2, 2]
[439142, 6898, 131, 21, 3, 2, 2]
[42862, 4797, 1351, 30, 3, 2, 2]
[13901, 13237, 666, 68, 3, 2, 2]
[7505, 2962, 997, 376, 3, 2, 2]
[3088040021, 23, 11, 8, 4, 2, 2]
[59030, 3771, 1337, 21, 4, 2, 2]
[289531, 954, 431, 42, 5, 2, 2]
[42774, 7300, 1112, 9, 8, 2, 2]
[278894129, 83, 12, 10, 9, 2, 2]
[79686, 6428, 493, 11, 9, 2, 2]
[2211, 1870, 1187, 566, 9, 2, 2]
[71116, 2579, 307, 37, 12, 2, 2]
[46371, 1478, 1158, 21, 15, 2, 2]
[4327, 2708, 413, 246, 21, 2, 2]
[3561, 1698, 330, 187, 67, 2, 2]
[2201179, 4475, 141, 4, 3, 3, 2]
[572609, 4068, 477, 5, 3, 3, 2]
[64726, 3454, 994, 25, 3, 3, 2]
[56154, 5903, 2095, 6, 4, 3, 2]
[42774, 7300, 1112, 12, 4, 3, 2]
[1527668, 705, 619, 5, 5, 3, 2]
[320647, 6768, 256, 6, 5, 3, 2]
[278894129, 83, 16, 9, 5, 3, 2]
[7698230, 1732, 25, 10, 5, 3, 2]
[211979828, 182, 12, 6, 6, 3, 2]
[55247, 24443, 187, 11, 6, 3, 2]
[3679176, 755, 40, 25, 6, 3, 2]
[2374, 2278, 849, 330, 11, 3, 2]
[15888, 1721, 355, 101, 17, 3, 2]
[20807, 7193, 80, 58, 24, 3, 2]
[173804529, 899, 5, 4, 4, 4, 2]
[10389, 9223, 1418, 23, 4, 4, 2]
[278894129, 83, 18, 6, 5, 4, 2]
[3418065, 2689, 34, 8, 5, 4, 2]
[3679176, 755, 45, 20, 5, 4, 2]
[83147153, 58, 36, 12, 6, 4, 2]
[137593, 10195, 67, 19, 7, 4, 2]
[6629, 3967, 503, 135, 7, 4, 2]
[8196421, 104, 47, 24, 13, 4, 2]
[3061, 2512, 610, 205, 13, 4, 2]
[14342, 1986, 1721, 17, 15, 4, 2]
[557265, 130, 121, 62, 23, 4, 2]
[11355, 2659, 86, 83, 58, 4, 2]
[43671, 1991, 371, 62, 5, 5, 2]
[47478, 754, 739, 63, 6, 5, 2]
[157839, 8243, 122, 9, 7, 5, 2]
[82238, 2791, 389, 14, 8, 5, 2]
[47478, 783, 739, 26, 14, 5, 2]
[1621269, 133, 62, 34, 22, 5, 2]
[557265, 143, 124, 46, 22, 5, 2]
[72573, 317, 148, 89, 33, 5, 2]
[3113, 2374, 153, 134, 66, 5, 2]
[2547, 2374, 737, 170, 11, 6, 2]
[3561, 1474, 510, 283, 11, 6, 2]
[557291, 3847, 23, 13, 13, 6, 2]
[289531, 1293, 106, 15, 14, 6, 2]
[8845, 3121, 483, 25, 25, 6, 2]
[3113, 2374, 201, 85, 66, 6, 2]
[48035, 579, 328, 87, 9, 7, 2]
[289531, 1293, 106, 18, 10, 7, 2]
[5408404, 83, 52, 18, 17, 7, 2]
[1621269, 155, 38, 34, 22, 7, 2]
[9363, 2875, 174, 61, 25, 7, 2]
[9150, 3121, 115, 87, 25, 7, 2]
[3685, 1187, 849, 99, 17, 8, 2]
[24314, 16279, 58, 22, 11, 9, 2]
[88827, 761, 109, 29, 26, 9, 2]
[3113, 1474, 1187, 34, 27, 10, 2]
[3113, 2374, 187, 134, 27, 10, 2]
[9970, 1481, 316, 47, 19, 12, 2]
[43798, 1486, 97, 30, 22, 12, 2]
[557265, 220, 62, 23, 22, 13, 2]
[557265, 230, 44, 31, 22, 13, 2]
[1621269, 170, 31, 22, 19, 14, 2]
[43798, 1486, 97, 33, 16, 15, 2]
[106033, 257, 74, 57, 29, 15, 2]
[106033, 257, 90, 37, 29, 19, 2]
[2150861420, 41, 14, 3, 3, 3, 3]
[211979828, 182, 12, 8, 3, 3, 3]
[278894129, 83, 16, 10, 3, 3, 3]
[83147153, 48, 32, 29, 3, 3, 3]
[47560, 739, 546, 193, 3, 3, 3]
[601159, 52508, 22, 4, 4, 3, 3]
[83147153, 58, 32, 18, 4, 3, 3]
[4799098, 1323, 70, 5, 5, 3, 3]
[6255031, 6042, 7, 7, 6, 3, 3]
[162819, 17661, 92, 7, 6, 3, 3]
[157839, 8243, 122, 10, 7, 3, 3]
[2374, 2264, 1005, 187, 11, 3, 3]
[4245, 1187, 187, 134, 88, 3, 3]
[3679176, 755, 50, 15, 4, 4, 3]
[3113, 1187, 1139, 396, 5, 4, 3]
[7075579, 866, 17, 10, 8, 4, 3]
[3561, 1132, 935, 201, 11, 4, 3]
[5408404, 83, 42, 34, 13, 4, 3]
[20807, 7193, 116, 24, 20, 4, 3]
[48035, 579, 369, 29, 28, 4, 3]
[72573, 317, 178, 55, 37, 4, 3]
[4748, 603, 283, 121, 85, 4, 3]
[7348619, 3360, 9, 6, 5, 5, 3]
[289531, 1293, 106, 21, 8, 5, 3]
[20807, 7193, 87, 64, 8, 5, 3]
[1153676, 4490, 13, 11, 9, 5, 3]
[9363, 2806, 175, 145, 10, 5, 3]
[2278, 2264, 1187, 99, 11, 5, 3]
[20807, 7193, 116, 32, 10, 6, 3]
[48035, 738, 193, 58, 14, 6, 3]
[3113, 1474, 1187, 34, 30, 6, 3]
[3113, 2374, 187, 134, 30, 6, 3]
[3113, 1474, 1187, 45, 17, 8, 3]
[15922, 2577, 373, 18, 11, 11, 3]
[2374, 2264, 1139, 45, 11, 11, 3]
[43798, 1486, 97, 40, 12, 11, 3]
[3113, 2374, 255, 67, 24, 11, 3]
[28114, 1599, 79, 26, 19, 19, 3]
[7075579, 866, 17, 12, 5, 4, 4]
[101152, 1069, 85, 85, 8, 4, 4]
[101152, 1069, 136, 25, 17, 4, 4]
[46557, 2316, 123, 29, 13, 5, 4]
[43798, 1486, 97, 33, 24, 5, 4]
[42529, 2369, 422, 14, 7, 6, 4]
[20807, 7193, 120, 29, 8, 6, 4]
[117723, 6846, 47, 11, 10, 6, 4]
[43878, 1198, 211, 46, 7, 7, 4]
[1621269, 124, 95, 17, 11, 7, 4]
[43798, 873, 743, 11, 10, 8, 4]
[4245, 1187, 201, 187, 12, 11, 4]
[557265, 230, 62, 22, 13, 11, 4]
[230734, 2109, 137, 12, 5, 5, 5]
[3113, 2374, 198, 134, 17, 6, 5]
[9150, 3121, 145, 69, 10, 7, 5]
[43798, 1486, 97, 44, 9, 8, 5]
[3113, 1474, 1187, 51, 9, 8, 5]
[557265, 253, 31, 26, 16, 11, 5]
[4748, 849, 99, 68, 67, 11, 5]
[43798, 1486, 97, 44, 10, 6, 6]
[3113, 1474, 1187, 51, 10, 6, 6]
[4748, 737, 283, 33, 20, 17, 9]
[47478, 1478, 29, 21, 18, 13, 10]
[4748, 737, 283, 36, 17, 15, 11]
[11573261, 9311, 116, 2, 2, 2]
[548104381, 181, 126, 2, 2, 2]
[36563071298, 19, 9, 4, 2, 2]
[209549155, 3314, 9, 4, 2, 2]
[930068174, 280, 24, 4, 2, 2]
[4331957, 36994, 39, 4, 2, 2]
[134538982, 1956, 19, 5, 2, 2]
[778531223, 669, 8, 6, 2, 2]
[60518071, 2295, 30, 6, 2, 2]
[115505, 13063, 2367, 7, 2, 2]
[69634828, 2137, 21, 8, 2, 2]
[1773081083, 94, 15, 10, 2, 2]
[211979828, 112, 81, 13, 2, 2]
[2696527, 1047, 385, 23, 2, 2]
[71298, 14463, 836, 29, 2, 2]
[73642095, 230, 41, 36, 2, 2]
[135253, 74054, 64, 39, 2, 2]
[46799, 6141, 2023, 43, 2, 2]
[56331, 4685, 2203, 43, 2, 2]
[223143, 1558, 1410, 51, 2, 2]
[868838, 1298, 326, 68, 2, 2]
[3679176, 600, 151, 75, 2, 2]
[40329, 5024, 1132, 109, 2, 2]
[19791, 6305, 1773, 113, 2, 2]
[216153, 2837, 208, 196, 2, 2]
[3703840883, 100, 15, 3, 3, 2]
[24493025, 4826, 47, 3, 3, 2]
[595022, 77163, 121, 3, 3, 2]
[2181612, 15817, 161, 3, 3, 2]
[3814581, 16550, 66, 4, 3, 2]
[530891, 51297, 153, 4, 3, 2]
[12831273, 43297, 6, 5, 3, 2]
[198910369, 665, 21, 6, 3, 2]
[1255132, 47088, 47, 6, 3, 2]
[26565724, 1195, 75, 7, 3, 2]
[1616615, 4619, 279, 8, 3, 2]
[8268673, 5599, 40, 9, 3, 2]
[2108732, 7629, 74, 14, 3, 2]
[1310322, 1936, 365, 18, 3, 2]
[2175238, 6401, 57, 21, 3, 2]
[770202, 15853, 65, 21, 3, 2]
[78482, 45966, 165, 28, 3, 2]
[2270428, 971, 252, 30, 3, 2]
[5303370, 792, 128, 31, 3, 2]
[973319, 2020, 173, 49, 3, 2]
[289531, 840, 431, 159, 3, 2]
[212497, 2510, 186, 168, 3, 2]
[5280786, 147942, 4, 4, 4, 2]
[4909138, 159142, 4, 4, 4, 2]
[684146, 78081, 39, 6, 4, 2]
[5008263635, 24, 13, 8, 4, 2]
[371210, 196922, 19, 9, 4, 2]
[385347, 3494, 844, 11, 4, 2]
[441386129, 59, 40, 12, 4, 2]
[181382, 3152, 1822, 12, 4, 2]
[21562882, 187, 100, 31, 4, 2]
[693967, 4528, 78, 51, 4, 2]
[85114, 7236, 236, 86, 4, 2]
[610864, 587, 249, 140, 4, 2]
[553712922, 258, 14, 5, 5, 2]
[2660459, 1550, 485, 5, 5, 2]
[122846, 29558, 306, 9, 5, 2]
[73642095, 246, 46, 12, 5, 2]
[117723, 5868, 1034, 14, 5, 2]
[32713, 7737, 2634, 15, 5, 2]
[87771114, 184, 86, 6, 6, 2]
[33398003, 478, 87, 6, 6, 2]
[73642095, 205, 92, 6, 6, 2]
[25465516, 4545, 9, 8, 6, 2]
[3550378, 3578, 82, 8, 6, 2]
[24969, 22581, 1478, 10, 6, 2]
[39179, 6651, 3198, 10, 6, 2]
[3278883, 471, 142, 38, 6, 2]
[44893, 6322, 554, 53, 6, 2]
[849426, 105113, 10, 8, 7, 2]
[132420, 52574, 114, 9, 7, 2]
[216297, 4482, 614, 12, 7, 2]
[439142, 6898, 131, 18, 7, 2]
[359672, 378, 241, 218, 7, 2]
[117364, 72937, 59, 11, 9, 2]
[40110, 23612, 419, 14, 9, 2]
[25717, 14980, 759, 19, 9, 2]
[274352, 4749, 164, 26, 9, 2]
[135563, 5967, 101, 68, 9, 2]
[40294, 6563, 202, 104, 9, 2]
[13827, 4103, 859, 114, 9, 2]
[101605468, 70, 37, 19, 10, 2]
[27651969, 181, 37, 27, 10, 2]
[820115, 3599, 44, 35, 11, 2]
[59030, 3771, 1337, 14, 12, 2]
[1207432, 5309, 26, 25, 12, 2]
[1207432, 5309, 30, 20, 13, 2]
[289531, 862, 530, 27, 14, 2]
[4327, 1652, 1354, 369, 14, 2]
[4327, 2124, 677, 574, 14, 2]
[64726, 3454, 994, 15, 15, 2]
[320647, 6912, 94, 16, 15, 2]
[768815, 709, 196, 26, 18, 2]
[83147153, 36, 32, 29, 18, 2]
[60813, 25712, 51, 33, 19, 2]
[11678157, 107, 54, 39, 19, 2]
[105398, 8458, 72, 41, 19, 2]
[665255, 1111, 75, 41, 22, 2]
[179307, 948, 261, 49, 23, 2]
[26595, 733, 339, 291, 26, 2]
[2374, 1683, 1474, 283, 30, 2]
[197251, 820, 91, 79, 43, 2]
[48035, 579, 246, 126, 58, 2]
[2547, 2374, 670, 187, 66, 2]
[67426, 21867, 2512, 3, 3, 3]
[80065141, 1577, 22, 4, 3, 3]
[238958, 26064, 446, 4, 3, 3]
[82702, 22919, 977, 6, 3, 3]
[87771114, 184, 86, 8, 3, 3]
[33398003, 478, 87, 8, 3, 3]
[73642095, 205, 92, 8, 3, 3]
[67685, 12258, 1488, 9, 3, 3]
[122846, 29558, 306, 10, 3, 3]
[5303370, 682, 256, 12, 3, 3]
[30299, 17563, 1160, 18, 3, 3]
[2400480, 437, 331, 32, 3, 3]
[158650, 40066, 46, 38, 3, 3]
[7625246, 249, 133, 44, 3, 3]
[316362, 2985, 159, 74, 3, 3]
[179307, 667, 316, 294, 3, 3]
[211979828, 108, 91, 4, 4, 3]
[18046271, 1178, 98, 4, 4, 3]
[25465516, 4545, 12, 6, 4, 3]
[211979828, 168, 26, 9, 4, 3]
[216297, 4482, 614, 14, 4, 3]
[307295, 51654, 35, 15, 4, 3]
[693967, 4528, 102, 26, 4, 3]
[79459, 42546, 85, 29, 4, 3]
[113387, 15305, 98, 49, 4, 3]
[32410, 20029, 2054, 5, 5, 3]
[574304, 3563, 362, 9, 5, 3]
[25717, 14231, 1518, 12, 5, 3]
[18075668, 683, 27, 20, 5, 3]
[2150861420, 41, 9, 7, 6, 3]
[7320036, 762, 83, 12, 6, 3]
[30914, 17370, 739, 14, 6, 3]
[27651969, 181, 37, 30, 6, 3]
[47502, 739, 410, 386, 6, 3]
[3392980, 28642, 7, 7, 7, 3]
[247622, 45787, 60, 7, 7, 3]
[172135, 3317, 834, 10, 7, 3]
[1619332, 2108, 45, 31, 7, 3]
[7625246, 332, 57, 33, 7, 3]
[289531, 954, 431, 40, 7, 3]
[47560, 739, 386, 351, 7, 3]
[375363, 13121, 94, 9, 8, 3]
[37711, 4882, 492, 46, 8, 3]
[81957, 4427, 176, 58, 9, 3]
[1262798, 2669, 43, 23, 10, 3]
[9218, 7087, 2577, 18, 11, 3]
[14060950, 158, 62, 22, 11, 3]
[665255, 1010, 205, 22, 11, 3]
[60813, 25712, 57, 34, 11, 3]
[3679176, 755, 32, 25, 15, 3]
[2948, 1187, 1132, 561, 15, 3]
[81957, 4427, 198, 29, 16, 3]
[40342, 2441, 258, 82, 16, 3]
[60813, 25712, 66, 19, 17, 3]
[223143, 2820, 164, 19, 17, 3]
[1146797, 449, 136, 28, 17, 3]
[3113, 1187, 990, 536, 17, 3]
[44776, 3695, 533, 21, 18, 3]
[120547, 1317, 181, 58, 20, 3]
[48035, 386, 369, 232, 21, 3]
[47478, 754, 739, 42, 30, 3]
[289531, 1293, 56, 53, 30, 3]
[2830, 2374, 374, 198, 67, 3]
[2403903940, 40, 13, 5, 4, 4]
[849426, 105113, 14, 5, 4, 4]
[34226, 8962, 3396, 6, 4, 4]
[132780, 39258, 109, 11, 4, 4]
[5303370, 864, 62, 22, 4, 4]
[320647, 6912, 94, 24, 5, 4]
[1207432, 5309, 30, 26, 5, 4]
[2270428, 971, 270, 7, 6, 4]
[1016604, 2077, 185, 8, 8, 4]
[158079, 22442, 29, 27, 9, 4]
[112107749, 223, 10, 10, 10, 4]
[41321, 22626, 191, 14, 10, 4]
[3679176, 755, 36, 25, 10, 4]
[1446910, 993, 60, 29, 10, 4]
[83147153, 58, 27, 16, 12, 4]
[179307, 1106, 87, 63, 23, 4]
[284270, 292, 148, 55, 37, 4]
[18075668, 683, 36, 9, 5, 5]
[1207432, 5309, 39, 16, 5, 5]
[25412, 8969, 585, 30, 5, 5]
[174506, 2456, 183, 51, 5, 5]
[3228432, 583, 253, 7, 6, 5]
[41321, 22626, 191, 16, 7, 5]
[278894129, 83, 12, 9, 8, 5]
[45162, 2378, 1478, 14, 9, 5]
[47478, 739, 728, 87, 9, 5]
[8750, 3121, 549, 58, 23, 5]
[1621269, 77, 76, 68, 31, 5]
[6242, 6003, 125, 70, 61, 5]
[42774, 7300, 1112, 8, 6, 6]
[278894129, 83, 12, 10, 6, 6]
[79686, 6428, 493, 11, 6, 6]
[2211, 1870, 1187, 566, 6, 6]
[2144440, 1079, 147, 7, 7, 6]
[45162, 2378, 1478, 15, 7, 6]
[768815, 709, 208, 21, 7, 6]
[83147153, 58, 32, 12, 9, 6]
[45162, 3695, 87, 82, 14, 6]
[4799098, 1350, 35, 9, 7, 7]
[13901, 13764, 136, 61, 9, 7]
[6789595, 226, 49, 19, 10, 7]
[289531, 1293, 72, 53, 10, 7]
[48035, 579, 348, 41, 36, 7]
[8196421, 78, 52, 47, 8, 8]
[3561, 1210, 849, 201, 17, 8]
[3561, 1415, 603, 242, 17, 8]
[557265, 124, 121, 65, 23, 8]
[557265, 143, 115, 44, 31, 8]
[3685, 1187, 849, 66, 51, 8]
[81957, 4408, 233, 12, 11, 9]
[359672, 482, 327, 14, 14, 9]
[41384, 7527, 82, 29, 15, 9]
[4748, 484, 283, 255, 67, 9]
[3228432, 795, 23, 14, 11, 11]
[1621269, 124, 68, 35, 19, 11]
[1621269, 119, 76, 31, 20, 11]
[2295, 2264, 1187, 67, 22, 11]
[557265, 143, 124, 40, 23, 11]
[4245, 1187, 201, 136, 66, 11]
[4245, 1187, 204, 132, 67, 11]
[4748, 612, 283, 121, 67, 15]
[557265, 155, 121, 26, 23, 16]
[1621269, 124, 77, 20, 19, 17]
[1621269, 152, 35, 31, 22, 17]
[4245, 1187, 264, 67, 66, 17]
[4748, 561, 283, 201, 33, 20]
[9150, 3121, 145, 42, 25, 23]

Finished n=100000000000000, solutions=1084

real    985m5.206s
user    3373m31.828s
sys     416m49.684s
