[1000000000000000, 2]
[333333333333334, 4]
[111111111111112, 10]
[37037037037038, 28]
[32258064516130, 32]
[27027027027028, 38]
[24390243902440, 42]
[10752688172044, 94]
[9009009009010, 112]
[8130081300814, 124]
[3690036900370, 272]
[3584229390682, 280]
[3003003003004, 334]
[2710027100272, 370]
[1230012300124, 814]
[1194743130228, 838]
[1001001001002, 1000]
[903342366758, 1108]
[871839581518, 1148]
[786782061370, 1272]
[659195781148, 1518]
[410004100042, 2440]
[290613193840, 3442]
[262260687124, 3814]
[219731927050, 4552]
[136668033348, 7318]
[119033448400, 8402]
[99730727038, 10028]
[96871064614, 10324]
[90000900010, 11112]
[87420229042, 11440]
[73243975684, 13654]
[39677816134, 25204]
[33243575680, 30082]
[32290354872, 30970]
[30000300004, 33334]
[29140076348, 34318]
[24414658562, 40960]
[21264380038, 47028]
[13225938712, 75610]
[11081191894, 90244]
[10000100002, 100000]
[7088126680, 141082]
[4408646238, 226828]
[3693730632, 270730]
[3333366668, 299998]
[3217120228, 310838]
[2903254840, 344442]
[2432456758, 411108]
[2362708894, 423244]
[1072373410, 932512]
[967751614, 1033324]
[810818920, 1233322]
[787569632, 1269730]
[357457804, 2797534]
[344096560, 2906162]
[322583872, 3099970]
[270272974, 3699964]
[119152602, 8392600]
[114698854, 8718484]
[107527958, 9299908]
[90090992, 11099890]
[78466348, 12744318]
[38232952, 26155450]
[9174311926606, 55, 2]
[34482758620690, 10, 3]
[66666666666667, 4, 4]
[11235955056180, 18, 5]
[358294518094, 349, 8]
[1221026566, 102373, 8]
[804040141, 124372, 10]
[249529699, 400754, 10]
[396316005, 140180, 18]
[16634783332, 3164, 19]
[426532906, 123394, 19]
[184060371802, 247, 22]
[8002624861, 5680, 22]
[4938052136, 9205, 22]
[214697919, 211714, 22]
[1015228426396, 34, 29]
[149699187, 208752, 32]
[2041070419, 14410, 34]
[13433764, 1958929, 38]
[19256612, 1331544, 39]
[553525654, 42014, 43]
[699472388, 31770, 45]
[9472513, 2199346, 48]
[89102735454, 184, 61]
[10236046, 1550698, 63]
[18063910114, 865, 64]
[7092651304, 2203, 64]
[105864031, 84340, 112]
[1098598079, 7714, 118]
[851487762, 9104, 129]
[53747464, 128314, 145]
[1275990328, 5089, 154]
[57738024, 112465, 154]
[30340726357, 206, 160]
[1429455649, 3802, 184]
[120899234, 44953, 184]
[4784125, 1055680, 198]
[13120088167, 370, 206]
[2817401398, 1723, 206]
[4737102, 1024755, 206]
[5280991, 893200, 212]
[402732297, 10346, 240]
[6085072, 639442, 257]
[21753598, 176128, 261]
[577657702, 5230, 331]
[11846634, 208941, 404]
[2340456904, 892, 479]
[129898252, 13342, 577]
[284132964, 5064, 695]
[1442407, 996100, 696]
[6223808, 206521, 778]
[73555432, 15790, 861]
[170318900, 6148, 955]
[5008945, 193828, 1030]
[14845077, 58576, 1150]
[2433562, 338206, 1215]
[1836088, 364549, 1494]
[10135734, 47274, 2087]
[4698514, 89614, 2375]
[19453834, 21250, 2419]
[5384387, 66282, 2802]
[24646502, 12735, 3186]
[4046584, 32274, 7657]
[736852, 45477, 29842]
[245878, 74416, 54653]
[1703577512777, 98, 3, 2]
[268579021, 310275, 6, 2]
[54791518273, 507, 18, 2]
[14917375, 1862109, 18, 2]
[273411024, 46891, 39, 2]
[836512779, 14943, 40, 2]
[32350943030, 276, 56, 2]
[121599042, 48375, 85, 2]
[771284165, 4802, 135, 2]
[1289272863, 1243, 312, 2]
[54271495, 18612, 495, 2]
[1056843, 671074, 705, 2]
[6518595, 75126, 1021, 2]
[218772, 53592, 42646, 2]
[21276595744681, 4, 4, 3]
[110241428729, 756, 4, 3]
[58937938351, 1414, 4, 3]
[314644796, 264849, 4, 3]
[305377919, 272886, 4, 3]
[51115841, 1630284, 4, 3]
[98629056120, 676, 5, 3]
[52496194026, 1270, 5, 3]
[1860953292, 35824, 5, 3]
[36817495674, 1509, 6, 3]
[143081985978, 233, 10, 3]
[36115424898, 710, 13, 3]
[105282674, 211072, 15, 3]
[17956222729, 714, 26, 3]
[21508614200, 574, 27, 3]
[43651045, 212120, 36, 3]
[900220464, 9257, 40, 3]
[259945583, 32058, 40, 3]
[22800337445, 170, 86, 3]
[91051454, 42569, 86, 3]
[181120276, 9066, 203, 3]
[7251740, 163580, 281, 3]
[2853352, 118963, 982, 3]
[2428445, 33544, 4092, 3]
[1404712, 47242, 5023, 3]
[15873015873016, 4, 4, 4]
[22514916132, 2776, 4, 4]
[1279755925, 39070, 5, 4]
[1788908765653, 20, 7, 4]
[48581085, 735148, 7, 4]
[6427554, 1852145, 21, 4]
[95483269, 84460, 31, 4]
[118161408484, 46, 46, 4]
[2795677882, 1944, 46, 4]
[17940908, 253357, 55, 4]
[1279205869, 2641, 74, 4]
[917971027, 1513, 180, 4]
[5906500, 219307, 193, 4]
[3901354, 295301, 217, 4]
[334861754, 2127, 351, 4]
[9086116, 52609, 523, 4]
[904859, 511641, 540, 4]
[18643897, 23361, 574, 4]
[4516705, 95596, 579, 4]
[7138720, 46446, 754, 4]
[108145813, 1766, 1309, 4]
[35524091, 4242, 1659, 4]
[1343229, 88041, 2114, 4]
[731605, 21505, 15890, 4]
[56983303892, 702, 5, 5]
[1593932854, 9652, 13, 5]
[135519718119, 82, 18, 5]
[1794433309, 6192, 18, 5]
[138523341183, 38, 38, 5]
[1033624850, 4607, 42, 5]
[9453672279, 258, 82, 5]
[15532813, 157024, 82, 5]
[8012827, 304390, 82, 5]
[113469396, 8598, 205, 5]
[27147843, 23462, 314, 5]
[677112, 48382, 6105, 5]
[1456242109, 8175, 14, 6]
[551526045, 17776, 17, 6]
[61468909, 79747, 34, 6]
[2555701, 582265, 112, 6]
[395743854, 2314, 182, 6]
[5001368, 163354, 204, 6]
[292094, 51414, 11098, 6]
[245545136, 64644, 9, 7]
[2052077626, 3664, 19, 7]
[7685684, 978286, 19, 7]
[12835487556, 371, 30, 7]
[1779489251, 2676, 30, 7]
[155045274, 30713, 30, 7]
[53953150, 36775, 72, 7]
[10204185757, 140, 100, 7]
[134298077, 5266, 202, 7]
[1311132, 104066, 1047, 7]
[1025047, 130006, 1072, 7]
[323621, 230634, 1914, 7]
[307456, 181501, 2560, 7]
[1030786, 34144, 4059, 7]
[366751, 73550, 5296, 7]
[460308, 54087, 5738, 7]
[232325220, 23393, 23, 8]
[514668304, 3625, 67, 8]
[22474452, 83013, 67, 8]
[2406987, 23627, 2198, 8]
[374535, 112905, 2956, 8]
[3416704, 793170, 41, 9]
[20892538, 88637, 60, 9]
[191328788, 4609, 126, 9]
[4139898, 8731, 3074, 9]
[18034363, 5770, 961, 10]
[706174, 24761, 5719, 10]
[13349530764, 454, 15, 11]
[663405806, 7613, 18, 11]
[390919564, 709, 328, 11]
[1560568, 161368, 361, 11]
[1687154, 101094, 533, 11]
[5443206, 80155, 191, 12]
[7452722, 31321, 357, 12]
[1166619, 16855, 4238, 12]
[39419917, 4978, 392, 13]
[52276771, 3949, 346, 14]
[16613618, 3159, 1361, 14]
[10311936066, 319, 19, 16]
[4560067489, 154, 89, 16]
[102473810, 1182, 516, 16]
[13189021, 2545, 1862, 16]
[19600317, 7392, 406, 17]
[305572761, 1033, 176, 18]
[1817031, 28548, 1071, 18]
[1405126, 16105, 2455, 18]
[212251541, 3444, 72, 19]
[12990634, 22261, 182, 19]
[10986666, 13344, 359, 19]
[2905310, 22365, 810, 19]
[181644, 79471, 3646, 19]
[141708916, 6534, 54, 20]
[2993303979, 261, 64, 20]
[438472, 20403, 5589, 20]
[21444400, 12201, 182, 21]
[9142675, 13437, 370, 22]
[427881, 60900, 1599, 24]
[4572526, 312425, 28, 25]
[50888775, 3478, 226, 25]
[594373, 264952, 254, 25]
[4540324, 3624, 2431, 25]
[10183224, 2056, 1769, 27]
[10525983390, 117, 29, 28]
[2510316, 296396, 48, 28]
[2810165, 123388, 103, 28]
[50912186, 5158, 136, 28]
[409841, 100048, 871, 28]
[83375, 22875, 18726, 28]
[1239456870, 169, 154, 31]
[30518509476, 32, 32, 32]
[995848, 19053, 1647, 32]
[2521591124, 216, 54, 34]
[27875967, 4289, 246, 34]
[1143541, 17101, 1504, 34]
[2157773, 24638, 495, 38]
[54084040, 1328, 357, 39]
[5740950, 98970, 44, 40]
[74453162, 3476, 92, 42]
[96290143, 4808, 48, 45]
[106022, 74130, 2766, 46]
[7985258, 2190, 1167, 49]
[44013699, 5979, 76, 50]
[204018, 96301, 998, 51]
[164749667, 1479, 76, 54]
[18867492, 2304, 426, 54]
[687455788, 418, 60, 58]
[335044, 48685, 1057, 58]
[443106, 361203, 88, 71]
[3860182, 15727, 232, 71]
[244872, 109142, 527, 71]
[76802090, 822, 220, 72]
[363181924, 291, 114, 83]
[2085529, 3766, 1534, 83]
[868454351, 149, 92, 84]
[193654, 108612, 566, 84]
[2018998, 38392, 133, 97]
[130409, 33706, 2298, 99]
[116215300, 380, 222, 102]
[127558, 39580, 1923, 103]
[322826514, 185, 161, 104]
[1889998, 7014, 705, 107]
[194641, 35830, 1103, 130]
[1030786, 37884, 194, 132]
[25785680, 534, 534, 136]
[5572650, 2783, 416, 155]
[196425, 82829, 394, 156]
[12133156, 1207, 397, 172]
[310027, 78610, 223, 184]
[5572650, 2852, 260, 242]
[1006935, 10794, 358, 257]
[4455458, 2598, 331, 261]
[111029, 29220, 1172, 263]
[631887, 3384, 1745, 268]
[28285, 16492, 7999, 268]
[115365, 55786, 551, 282]
[557778, 7332, 807, 303]
[9532918, 1009, 329, 316]
[725730, 4755, 712, 407]
[134911, 14659, 1144, 442]
[139693, 3877, 2152, 858]
[50039, 22312, 960, 933]
[44132, 6772, 3571, 937]
[304858, 1881, 1708, 1021]
[650215, 7607, 1053, 3, 2, 2, 2, 2, 2, 2]
[798824769, 163, 20, 6, 2, 2, 2, 2, 2, 2]
[432426, 21899, 50, 22, 3, 2, 2, 2, 2, 2]
[323719, 10732, 257, 7, 5, 2, 2, 2, 2, 2]
[999001, 625, 350, 13, 11, 2, 2, 2, 2, 2]
[25008, 7621, 61, 48, 28, 4, 2, 2, 2, 2]
[999001, 910, 50, 25, 11, 5, 2, 2, 2, 2]
[30484, 2084, 122, 42, 32, 6, 2, 2, 2, 2]
[5942, 897, 438, 97, 46, 6, 2, 2, 2, 2]
[30484, 2084, 122, 56, 12, 12, 2, 2, 2, 2]
[4232, 2971, 97, 73, 27, 26, 2, 2, 2, 2]
[5942, 1242, 97, 73, 46, 26, 2, 2, 2, 2]
[269513, 324, 151, 79, 10, 4, 3, 2, 2, 2]
[30484, 2084, 112, 61, 24, 4, 3, 2, 2, 2]
[25008, 7621, 64, 61, 8, 7, 3, 2, 2, 2]
[30484, 2084, 122, 56, 18, 4, 4, 2, 2, 2]
[5942, 1261, 73, 69, 69, 8, 6, 2, 2, 2]
[5942, 1261, 146, 24, 23, 23, 9, 2, 2, 2]
[269513, 316, 151, 90, 6, 4, 3, 3, 2, 2]
[30484, 2084, 122, 64, 7, 6, 4, 3, 2, 2]
[5942, 1261, 92, 73, 46, 9, 4, 3, 2, 2]
[5942, 1261, 146, 27, 23, 23, 4, 4, 2, 2]
[269513, 453, 79, 12, 10, 9, 6, 4, 2, 2]
[269513, 302, 237, 9, 8, 6, 6, 5, 2, 2]
[269513, 453, 79, 12, 12, 6, 6, 5, 2, 2]
[269513, 302, 237, 10, 6, 6, 6, 6, 2, 2]
[269513, 453, 79, 15, 8, 6, 6, 6, 2, 2]
[19125268, 503, 11, 7, 5, 5, 3, 3, 3, 2]
[269513, 302, 237, 9, 8, 8, 5, 3, 3, 2]
[269513, 453, 79, 12, 12, 8, 5, 3, 3, 2]
[269513, 302, 237, 10, 8, 6, 6, 3, 3, 2]
[269513, 453, 79, 15, 8, 8, 6, 3, 3, 2]
[269513, 302, 237, 10, 9, 6, 4, 4, 3, 2]
[269513, 453, 79, 15, 9, 8, 4, 4, 3, 2]
[269513, 302, 237, 12, 6, 6, 5, 4, 3, 2]
[269513, 453, 79, 16, 9, 6, 5, 4, 3, 2]
[269513, 453, 79, 18, 6, 6, 5, 4, 4, 2]
[269513, 302, 237, 10, 8, 8, 3, 3, 3, 3]
[269513, 302, 237, 12, 8, 5, 4, 3, 3, 3]
[269513, 453, 79, 16, 10, 6, 4, 3, 3, 3]
[269513, 453, 79, 15, 12, 4, 4, 4, 3, 3]
[269513, 453, 79, 18, 8, 5, 4, 4, 3, 3]
[21276595744681, 6, 2, 2, 2]
[2967861033, 42118, 2, 2, 2]
[26831601, 4658686, 2, 2, 2]
[16801096, 7439991, 2, 2, 2]
[16949152542373, 5, 3, 2, 2]
[1303780964798, 64, 3, 2, 2]
[677966101695, 123, 3, 2, 2]
[458085203848, 182, 3, 2, 2]
[52151238592, 1598, 3, 2, 2]
[35237323373, 2365, 3, 2, 2]
[18323408154, 4548, 3, 2, 2]
[13681575023, 6091, 3, 2, 2]
[1409492935, 59123, 3, 2, 2]
[1052428848, 79182, 3, 2, 2]
[547263001, 152273, 3, 2, 2]
[369772298, 225364, 3, 2, 2]
[73243273, 1137761, 3, 2, 2]
[42097154, 1979548, 3, 2, 2]
[28444023, 2929731, 3, 2, 2]
[14790892, 5634098, 3, 2, 2]
[5184382566, 8037, 6, 2, 2]
[670162682, 13323, 28, 2, 2]
[48359793, 184628, 28, 2, 2]
[59783583428, 123, 34, 2, 2]
[12399102305, 517, 39, 2, 2]
[7089071, 839656, 42, 2, 2]
[9381303063, 423, 63, 2, 2]
[187287838, 21188, 63, 2, 2]
[8362313, 153313, 195, 2, 2]
[2339014, 352748, 303, 2, 2]
[77741836, 7292, 441, 2, 2]
[55440538, 10088, 447, 2, 2]
[278044778, 2007, 448, 2, 2]
[35180127, 12065, 589, 2, 2]
[32717705, 12547, 609, 2, 2]
[75113788, 4668, 713, 2, 2]
[855269, 392884, 744, 2, 2]
[68315871, 3546, 1032, 2, 2]
[6498105, 16691, 2305, 2, 2]
[3567455, 25363, 2763, 2, 2]
[18867924528302, 3, 3, 3, 2]
[104242676952, 533, 3, 3, 2]
[882612533098, 27, 7, 3, 2]
[10383676860, 2293, 7, 3, 2]
[338814792, 70273, 7, 3, 2]
[5060932, 4704573, 7, 3, 2]
[13329245698, 1042, 12, 3, 2]
[3152992663, 4405, 12, 3, 2]
[21744777, 638723, 12, 3, 2]
[3993510, 3210337, 13, 3, 2]
[2496099844, 2473, 27, 3, 2]
[75765468, 81473, 27, 3, 2]
[4266405, 1446848, 27, 3, 2]
[3353353, 1183369, 42, 3, 2]
[48412236, 20492, 168, 3, 2]
[16639797, 11031, 908, 3, 2]
[2053421, 47382, 1713, 3, 2]
[9671889, 7045, 2446, 3, 2]
[477103, 48967, 7134, 3, 2]
[1173533992, 859, 124, 4, 2]
[36620058, 11155, 306, 4, 2]
[17751175, 51213, 110, 5, 2]
[1703029178, 529, 111, 5, 2]
[13069965, 34310, 223, 5, 2]
[218817471, 1674, 273, 5, 2]
[4623905, 50767, 426, 5, 2]
[910218, 253727, 433, 5, 2]
[23101758, 3505, 1235, 5, 2]
[20898511, 3365, 1422, 5, 2]
[14881173827, 560, 10, 6, 2]
[635327648, 3123, 42, 6, 2]
[566677868, 1313, 112, 6, 2]
[2734803, 45277, 673, 6, 2]
[258405, 154302, 2090, 6, 2]
[112546, 29627, 24992, 6, 2]
[24498546, 38875, 75, 7, 2]
[2815011, 807360, 22, 10, 2]
[39402655739, 47, 27, 10, 2]
[910793, 134552, 408, 10, 2]
[79641784, 21799, 24, 12, 2]
[87834693, 2758, 172, 12, 2]
[7984032, 15625, 334, 12, 2]
[482057, 155739, 555, 12, 2]
[984254, 16839, 2514, 12, 2]
[136270545, 6884, 41, 13, 2]
[39445670, 12663, 77, 13, 2]
[19170488, 3807, 527, 13, 2]
[54084040, 996, 714, 13, 2]
[395399292, 4959, 17, 15, 2]
[1793853, 10143, 1832, 15, 2]
[1369426, 111316, 205, 16, 2]
[749192, 14988, 2783, 16, 2]
[19307628444, 47, 29, 19, 2]
[4152921, 6734, 941, 19, 2]
[1682747, 117910, 126, 20, 2]
[1051021856, 408, 53, 22, 2]
[616838, 47975, 768, 22, 2]
[1285624, 131836, 118, 25, 2]
[592498144, 665, 47, 27, 2]
[792477, 11033, 2118, 27, 2]
[119408, 18883, 8213, 27, 2]
[28296523, 12136, 52, 28, 2]
[477486739, 895, 39, 30, 2]
[179731, 25074, 3579, 31, 2]
[7079618, 6080, 352, 33, 2]
[182049, 47827, 1689, 34, 2]
[226981, 23397, 2690, 35, 2]
[1317684, 104648, 98, 37, 2]
[322826514, 230, 182, 37, 2]
[781064, 22372, 753, 38, 2]
[120350, 15954, 6056, 43, 2]
[2844513, 2082, 1723, 49, 2]
[6282393, 10703, 143, 52, 2]
[69958939, 725, 186, 53, 2]
[156287, 30924, 1815, 57, 2]
[55333, 21962, 5963, 69, 2]
[59151, 20961, 5761, 70, 2]
[792937, 69753, 113, 80, 2]
[347148, 199461, 87, 83, 2]
[61150302, 795, 121, 85, 2]
[1614543, 32681, 103, 92, 2]
[9535714, 1201, 441, 99, 2]
[24451074, 500, 286, 143, 2]
[11432250, 763, 297, 193, 2]
[5195954, 1252, 305, 252, 2]
[134332, 32156, 371, 312, 2]
[93087, 7256, 2223, 333, 2]
[117703, 4907, 1838, 471, 2]
[37922, 18700, 1187, 594, 2]
[16919, 4835, 3766, 1623, 2]
[31113, 5031, 1817, 1758, 2]
[28373958, 559422, 7, 3, 3]
[31497937, 146982, 24, 3, 3]
[395399292, 4930, 57, 3, 3]
[180882624, 4799, 128, 3, 3]
[218817471, 1638, 310, 3, 3]
[88284629646, 236, 4, 4, 3]
[2217260486, 9396, 4, 4, 3]
[9200251, 2264431, 4, 4, 3]
[6883614, 672558, 18, 4, 3]
[4421581, 149579, 126, 4, 3]
[70068055, 2703, 440, 4, 3]
[105831304900, 90, 7, 5, 3]
[92546328, 24840, 29, 5, 3]
[39402655739, 47, 30, 6, 3]
[541540781, 1236, 83, 6, 3]
[523948, 385573, 275, 6, 3]
[987194, 14621, 3849, 6, 3]
[13851718, 286481, 12, 7, 3]
[164694315, 4252, 68, 7, 3]
[7688150, 8736, 709, 7, 3]
[19294340, 22036, 98, 8, 3]
[74079561449, 25, 18, 10, 3]
[1925124, 8635, 1671, 12, 3]
[10102754, 36824, 56, 16, 3]
[462616, 232883, 182, 17, 3]
[54084040, 1456, 249, 17, 3]
[52294475, 3405, 104, 18, 3]
[4100039, 3442, 1181, 20, 3]
[257283, 19109, 3390, 20, 3]
[2162970, 50962, 126, 24, 3]
[213696629, 909, 66, 26, 3]
[147857, 37251, 1780, 34, 3]
[14345877, 1580, 387, 38, 3]
[18867492, 2592, 142, 48, 3]
[3992151, 4116, 414, 49, 3]
[56057, 21915, 5218, 52, 3]
[7307013, 986, 701, 66, 3]
[161370, 116486, 257, 69, 3]
[196174, 4606, 3236, 114, 3]
[367385, 8820, 635, 162, 3]
[104898, 41906, 307, 247, 3]
[93087, 8436, 907, 468, 3]
[55678, 9507, 922, 683, 3]
[6279553147, 269, 37, 4, 4]
[1298242, 594346, 81, 4, 4]
[241022, 99012, 2619, 4, 4]
[6885900, 484081, 15, 5, 4]
[1714997, 5405, 5394, 5, 4]
[868809730669, 8, 6, 6, 4]
[5991791246, 1159, 6, 6, 4]
[33499465, 95677, 13, 6, 4]
[506292, 449305, 157, 7, 4]
[37266784, 2451, 391, 7, 4]
[1820287, 23927, 820, 7, 4]
[58404450, 24321, 22, 8, 4]
[428768846, 3085, 21, 9, 4]
[142237900, 2411, 81, 9, 4]
[558546, 36541, 1361, 9, 4]
[8792009, 80781, 32, 11, 4]
[868454351, 161, 149, 12, 4]
[67384414, 21953, 13, 13, 4]
[52294475, 3405, 108, 13, 4]
[180560, 97307, 837, 17, 4]
[848865, 37441, 437, 18, 4]
[2080164, 97551, 56, 22, 4]
[82482, 42339, 3254, 22, 4]
[935879, 45663, 234, 25, 4]
[1438957, 3781, 1838, 25, 4]
[267083, 30381, 1027, 30, 4]
[51924, 20310, 4838, 49, 4]
[1107449, 9990, 383, 59, 4]
[64905, 8036, 4062, 118, 4]
[10097856, 711, 219, 159, 4]
[1985880, 1425, 529, 167, 4]
[11370, 11188, 7252, 271, 4]
[36397, 18355, 1327, 282, 4]
[954781, 73242, 572, 5, 5]
[7629057, 4326, 1212, 5, 5]
[74079561449, 30, 15, 6, 5]
[17160468, 23403, 83, 6, 5]
[687455788, 464, 57, 11, 5]
[512694574, 903, 27, 16, 5]
[648434, 169470, 70, 26, 5]
[98991, 83917, 926, 26, 5]
[612993, 3800, 3180, 27, 5]
[126752046, 1199, 47, 28, 5]
[14014712, 782, 553, 33, 5]
[24904, 22780, 10683, 33, 5]
[35606108, 1313, 93, 46, 5]
[116215300, 592, 57, 51, 5]
[8179068, 6568, 73, 51, 5]
[62420, 61915, 575, 90, 5]
[359313, 6772, 721, 114, 5]
[286321, 16751, 278, 150, 5]
[16782, 10612, 2168, 518, 5]
[2905439, 562389, 17, 6, 6]
[27871063, 5761, 173, 6, 6]
[167952, 48219, 2058, 10, 6]
[213696629, 909, 78, 11, 6]
[5660419, 8444, 317, 11, 6]
[512694574, 903, 30, 12, 6]
[19464125, 15318, 43, 13, 6]
[70430476, 7888, 20, 15, 6]
[2244830, 29556, 157, 16, 6]
[319125, 9377, 3481, 16, 6]
[187901016, 2174, 24, 17, 6]
[131868242, 1048, 67, 18, 6]
[3008123, 4954, 466, 24, 6]
[100625, 21228, 3121, 25, 6]
[419852, 10524, 943, 40, 6]
[570126, 7034, 1039, 40, 6]
[318433, 92735, 83, 68, 6]
[196174, 6251, 1618, 84, 6]
[62404, 9926, 1964, 137, 6]
[40358, 16980, 726, 335, 6]
[2080164, 97551, 64, 11, 7]
[295267, 8968, 4150, 13, 7]
[42210979, 8058, 21, 20, 7]
[62274, 24471, 4464, 21, 7]
[68423092, 2245, 31, 30, 7]
[484784, 4825, 702, 87, 7]
[11188, 10612, 8130, 148, 7]
[108750, 15605, 460, 183, 7]
[4684604, 49782, 67, 8, 8]
[1617689, 276956, 31, 9, 8]
[5572650, 2530, 806, 11, 8]
[5679245, 33966, 54, 12, 8]
[1122090, 11358, 613, 16, 8]
[482076, 48385, 233, 23, 8]
[137704, 7237, 2917, 43, 8]
[5572650, 3146, 155, 46, 8]
[1378302, 1834, 575, 86, 8]
[89556, 56649, 191, 129, 8]
[2653460, 648, 446, 163, 8]
[4897317, 103128, 20, 11, 9]
[440356, 290358, 79, 11, 9]
[1918358499, 181, 20, 16, 9]
[483251, 66529, 216, 16, 9]
[116215300, 592, 85, 19, 9]
[3653186, 12948, 81, 29, 9]
[114899118, 792, 37, 33, 9]
[310710019, 169, 46, 46, 9]
[26743642, 499, 181, 46, 9]
[221552, 3714, 437, 309, 9]
[349637, 5902, 4846, 10, 10]
[61150302, 795, 187, 11, 10]
[1469389, 37683, 129, 14, 10]
[109235, 8845, 6900, 15, 10]
[5639130, 42424, 22, 19, 10]
[427740, 84096, 139, 20, 10]
[429391, 7513, 1409, 22, 10]
[28492, 19145, 7333, 25, 10]
[787017981, 181, 27, 26, 10]
[56813343, 1070, 47, 35, 10]
[968820, 62266, 137, 11, 11]
[335544, 18258, 781, 19, 11]
[61150302, 901, 66, 25, 11]
[39171, 18224, 849, 150, 11]
[134371343, 483, 107, 12, 12]
[905283, 82043, 66, 17, 12]
[2400774, 27203, 58, 22, 12]
[38008710, 772, 71, 40, 12]
[117092, 15321, 1106, 42, 12]
[30276300, 302, 98, 93, 12]
[84289, 6111, 504, 321, 12]
[1045422, 4167, 981, 18, 13]
[1100014, 10492, 215, 31, 13]
[173766, 2028, 745, 293, 13]
[376067, 6252, 490, 62, 14]
[84289, 5136, 1701, 97, 14]
[100466, 23861, 1545, 18, 15]
[139641, 79147, 104, 58, 15]
[484784, 5278, 193, 135, 15]
[54217, 45285, 1591, 16, 16]
[16212690, 2387, 95, 17, 16]
[7924075, 7036, 59, 19, 16]
[197979, 9192, 636, 54, 16]
[7307013, 1402, 319, 18, 17]
[14861, 3074, 1354, 951, 17]
[116215300, 629, 38, 20, 18]
[413450, 2995, 997, 45, 18]
[211698, 13847, 412, 46, 18]
[812220, 1620, 454, 93, 18]
[196174, 5663, 2256, 21, 19]
[93087, 5442, 4329, 24, 19]
[194969, 7896, 1221, 28, 19]
[10732654, 1612, 85, 34, 20]
[177797, 65612, 157, 26, 21]
[182118, 1643, 1047, 152, 21]
[50202, 22745, 1244, 32, 22]
[1087106, 3516, 325, 35, 23]
[59877, 5485, 1576, 84, 23]
[157232, 11023, 222, 113, 23]
[47786, 3489, 702, 356, 24]
[6817016, 617, 317, 30, 25]
[1089362, 7445, 137, 36, 25]
[224222, 34341, 111, 45, 26]
[757903, 6063, 130, 62, 27]
[8701972, 213, 194, 103, 27]
[28285, 24187, 421, 124, 28]
[255916, 1990, 487, 144, 28]
[5305301, 1231, 120, 44, 29]
[267118, 16985, 93, 79, 30]
[2522545, 4114, 73, 40, 33]
[1320428, 4989, 115, 40, 33]
[50940, 6171, 1187, 67, 40]
[161141, 2198, 1038, 68, 40]
[52921, 4748, 495, 201, 40]
[635529, 1388, 201, 120, 47]
[352231, 1969, 248, 114, 51]
[53064, 4748, 283, 255, 55]
[999001, 625, 160, 154, 65]
[56034, 1187, 850, 268, 66]
[5559, 5341, 4904, 101, 68]
[38943, 37912, 118, 82, 70]
[999001, 625, 200, 91, 88]
[999001, 650, 154, 100, 100]
[12971, 1616, 654, 613, 119]
[2971, 2484, 1196, 584, 194]
[27970, 1137, 448, 271, 259]
[85859019490, 14, 13, 2, 2, 2, 2, 2, 2]
[74801572, 874, 239, 2, 2, 2, 2, 2, 2]
[267630, 13474, 4333, 2, 2, 2, 2, 2, 2]
[260886330, 644, 62, 3, 2, 2, 2, 2, 2]
[1007146, 7502, 88, 47, 2, 2, 2, 2, 2]
[213621, 6602, 4924, 3, 3, 2, 2, 2, 2]
[20663316, 10959, 23, 4, 3, 2, 2, 2, 2]
[798824769, 163, 16, 10, 3, 2, 2, 2, 2]
[250908, 63969, 118, 11, 3, 2, 2, 2, 2]
[1840090, 11035, 54, 19, 3, 2, 2, 2, 2]
[51130, 9869, 6193, 5, 4, 2, 2, 2, 2]
[873685, 2156, 948, 7, 5, 2, 2, 2, 2]
[107109, 4735, 503, 49, 5, 2, 2, 2, 2]
[999001, 650, 275, 70, 5, 2, 2, 2, 2]
[41315, 28110, 961, 8, 7, 2, 2, 2, 2]
[784115, 274, 136, 93, 23, 2, 2, 2, 2]
[73241, 2087, 257, 43, 37, 2, 2, 2, 2]
[3358, 2971, 873, 184, 39, 2, 2, 2, 2]
[3783, 2971, 414, 184, 73, 2, 2, 2, 2]
[798824769, 163, 20, 4, 4, 3, 2, 2, 2]
[30484, 1042, 854, 384, 4, 3, 2, 2, 2]
[66460, 49463, 39, 25, 13, 3, 2, 2, 2]
[5942, 584, 529, 291, 78, 3, 2, 2, 2]
[432426, 21899, 55, 15, 4, 4, 2, 2, 2]
[269513, 316, 151, 54, 45, 4, 2, 2, 2]
[14847, 613, 289, 109, 109, 4, 2, 2, 2]
[89499, 811, 267, 215, 6, 5, 2, 2, 2]
[269513, 302, 158, 81, 24, 5, 2, 2, 2]
[18571, 11188, 271, 37, 10, 6, 2, 2, 2]
[269513, 243, 158, 151, 10, 8, 2, 2, 2]
[30484, 1708, 521, 32, 18, 8, 2, 2, 2]
[5942, 1058, 194, 146, 78, 9, 2, 2, 2]
[269513, 316, 151, 81, 12, 10, 2, 2, 2]
[4026626, 113, 101, 17, 16, 10, 2, 2, 2]
[56883, 1187, 255, 55, 12, 11, 2, 2, 2]
[5942, 1164, 156, 73, 69, 23, 2, 2, 2]
[5942, 1058, 291, 73, 39, 24, 2, 2, 2]
[5942, 1196, 97, 92, 73, 27, 2, 2, 2]
[6475165, 739, 387, 5, 3, 3, 3, 2, 2]
[37922, 20179, 275, 12, 11, 3, 3, 2, 2]
[66460, 49463, 50, 13, 13, 3, 3, 2, 2]
[269513, 237, 160, 151, 18, 3, 3, 2, 2]
[278020, 427, 204, 37, 31, 3, 3, 2, 2]
[30276300, 453, 31, 7, 7, 4, 3, 2, 2]
[269513, 316, 151, 81, 16, 5, 3, 2, 2]
[5942, 1058, 219, 104, 97, 6, 3, 2, 2]
[25008, 7621, 61, 56, 16, 8, 3, 2, 2]
[5942, 949, 388, 92, 46, 9, 3, 2, 2]
[42732, 15565, 67, 17, 11, 10, 3, 2, 2]
[53415, 4811, 134, 20, 11, 11, 3, 2, 2]
[56883, 1187, 275, 34, 12, 11, 3, 2, 2]
[5942, 1164, 146, 92, 69, 13, 3, 2, 2]
[30484, 1708, 521, 36, 16, 4, 4, 2, 2]
[4026626, 113, 101, 20, 17, 4, 4, 2, 2]
[784115, 411, 46, 34, 31, 4, 4, 2, 2]
[56883, 1187, 275, 33, 17, 6, 4, 2, 2]
[30484, 2084, 122, 48, 24, 7, 4, 2, 2]
[2971, 2847, 1552, 23, 23, 9, 4, 2, 2]
[5942, 1058, 291, 73, 52, 9, 4, 2, 2]
[999001, 728, 250, 11, 5, 5, 5, 2, 2]
[999001, 875, 88, 26, 5, 5, 5, 2, 2]
[56883, 1187, 187, 132, 6, 5, 5, 2, 2]
[27970, 1516, 542, 37, 7, 7, 6, 2, 2]
[5942, 1164, 219, 52, 23, 23, 6, 2, 2]
[4232, 2971, 97, 73, 39, 9, 8, 2, 2]
[367385, 9525, 49, 36, 3, 3, 3, 3, 2]
[367385, 9525, 63, 21, 4, 3, 3, 3, 2]
[269513, 316, 151, 80, 18, 3, 3, 3, 2]
[278020, 427, 222, 31, 17, 4, 3, 3, 2]
[5942, 776, 529, 146, 26, 6, 3, 3, 2]
[123737, 4341, 52, 17, 13, 9, 3, 3, 2]
[30484, 2084, 122, 42, 32, 4, 4, 3, 2]
[5942, 897, 438, 97, 46, 4, 4, 3, 2]
[269513, 324, 151, 79, 8, 5, 4, 3, 2]
[30484, 2084, 122, 56, 16, 6, 4, 3, 2]
[3796, 2971, 582, 46, 23, 6, 4, 3, 2]
[5942, 1058, 292, 97, 26, 9, 4, 3, 2]
[4232, 2971, 97, 73, 39, 12, 4, 3, 2]
[25008, 7621, 64, 61, 7, 6, 4, 4, 2]
[1585, 641, 95, 95, 41, 38, 7, 5, 2]
[5942, 1261, 146, 24, 23, 23, 6, 6, 2]
[812220, 1488, 681, 5, 3, 3, 3, 3, 3]
[87456, 27043, 29, 20, 9, 3, 3, 3, 3]
[123737, 4341, 39, 34, 13, 4, 3, 3, 3]
[269513, 302, 158, 96, 6, 5, 3, 3, 3]
[278020, 527, 122, 37, 7, 6, 4, 3, 3]
[5942, 1261, 146, 24, 23, 23, 8, 3, 3]
[5942, 1261, 73, 69, 69, 8, 4, 4, 3]
[5942, 1261, 92, 73, 46, 6, 6, 4, 3]
[269513, 453, 79, 10, 9, 8, 8, 6, 3]
[30484, 2084, 122, 63, 8, 4, 4, 4, 4]
[269513, 453, 79, 10, 9, 9, 8, 4, 4]
[269513, 453, 79, 12, 9, 8, 6, 5, 4]
[269513, 453, 79, 12, 10, 6, 6, 6, 4]
[36587, 778, 73, 35, 11, 10, 5, 5, 5]
[269513, 302, 237, 8, 6, 6, 6, 6, 5]
[3018303, 517675, 20, 2, 2, 2, 2, 2]
[269694218, 4828, 24, 2, 2, 2, 2, 2]
[7237405, 110714, 39, 2, 2, 2, 2, 2]
[10910852, 3193, 897, 2, 2, 2, 2, 2]
[52294475, 3405, 117, 3, 2, 2, 2, 2]
[24555333, 13833, 46, 4, 2, 2, 2, 2]
[886211349, 155, 91, 5, 2, 2, 2, 2]
[110311585, 1067, 59, 9, 2, 2, 2, 2]
[23885430, 1433, 166, 11, 2, 2, 2, 2]
[40886018, 2248, 34, 20, 2, 2, 2, 2]
[164699089, 358, 53, 20, 2, 2, 2, 2]
[571598, 113780, 31, 31, 2, 2, 2, 2]
[2545248, 12612, 59, 33, 2, 2, 2, 2]
[301863, 3544, 1498, 39, 2, 2, 2, 2]
[197979, 9192, 648, 53, 2, 2, 2, 2]
[450051, 39565, 780, 3, 3, 2, 2, 2]
[34781584, 1528, 112, 7, 3, 2, 2, 2]
[760987, 16894, 463, 7, 3, 2, 2, 2]
[120252217, 474, 43, 17, 3, 2, 2, 2]
[42732, 12529, 3113, 25, 3, 2, 2, 2]
[139641, 79147, 145, 26, 3, 2, 2, 2]
[84289, 6111, 749, 81, 4, 2, 2, 2]
[886211349, 217, 26, 5, 5, 2, 2, 2]
[8902647, 337, 124, 56, 6, 2, 2, 2]
[798824769, 163, 12, 10, 8, 2, 2, 2]
[474780, 15519, 65, 29, 9, 2, 2, 2]
[735919, 2677, 150, 47, 9, 2, 2, 2]
[5572650, 3289, 31, 22, 10, 2, 2, 2]
[265705, 24923, 44, 39, 11, 2, 2, 2]
[432426, 21899, 40, 22, 15, 2, 2, 2]
[28274, 6008, 407, 113, 16, 2, 2, 2]
[30484, 1042, 976, 252, 16, 2, 2, 2]
[12971, 1839, 707, 436, 17, 2, 2, 2]
[37889, 24536, 249, 30, 18, 2, 2, 2]
[39599, 13051, 335, 38, 19, 2, 2, 2]
[30484, 1563, 512, 183, 28, 2, 2, 2]
[201476, 2427, 141, 49, 37, 2, 2, 2]
[784115, 274, 93, 92, 68, 2, 2, 2]
[12971, 2452, 327, 119, 101, 2, 2, 2]
[959417, 425776, 17, 4, 3, 3, 2, 2]
[824875, 263087, 32, 4, 3, 3, 2, 2]
[69958939, 899, 53, 5, 5, 3, 2, 2]
[153476, 125109, 124, 7, 5, 3, 2, 2]
[798824769, 163, 16, 8, 5, 3, 2, 2]
[573754, 4869, 314, 19, 5, 3, 2, 2]
[474780, 15519, 58, 39, 5, 3, 2, 2]
[235169782, 77, 59, 13, 6, 3, 2, 2]
[235169782, 78, 59, 11, 7, 3, 2, 2]
[1793070, 12719, 29, 14, 9, 3, 2, 2]
[39171, 18961, 204, 55, 10, 3, 2, 2]
[39171, 18961, 220, 34, 15, 3, 2, 2]
[278020, 357, 183, 124, 37, 3, 2, 2]
[5942, 529, 468, 292, 194, 3, 2, 2]
[5942, 552, 438, 299, 194, 3, 2, 2]
[873685, 2607, 490, 14, 4, 4, 2, 2]
[39171, 18961, 153, 110, 5, 4, 2, 2]
[432426, 21899, 44, 25, 6, 4, 2, 2]
[39171, 18961, 187, 75, 6, 4, 2, 2]
[453230, 718, 388, 55, 9, 4, 2, 2]
[784115, 272, 137, 93, 23, 4, 2, 2]
[5942, 657, 388, 299, 138, 4, 2, 2]
[286321, 16751, 417, 5, 5, 5, 2, 2]
[36587, 389, 275, 175, 73, 5, 2, 2]
[27970, 1084, 758, 259, 7, 6, 2, 2]
[432426, 21899, 55, 10, 8, 6, 2, 2]
[50116, 7075, 1187, 11, 9, 6, 2, 2]
[3174, 2971, 876, 388, 13, 6, 2, 2]
[3358, 2971, 776, 299, 18, 6, 2, 2]
[784115, 274, 184, 34, 31, 6, 2, 2]
[3783, 2971, 438, 184, 46, 6, 2, 2]
[201476, 2427, 141, 74, 7, 7, 2, 2]
[235169782, 118, 13, 11, 9, 7, 2, 2]
[27970, 1626, 379, 74, 28, 7, 2, 2]
[269513, 302, 158, 72, 30, 9, 2, 2]
[453230, 776, 359, 18, 11, 10, 2, 2]
[66460, 49463, 45, 13, 13, 10, 2, 2]
[56883, 1187, 220, 85, 18, 11, 2, 2]
[56883, 1187, 242, 60, 17, 15, 2, 2]
[30484, 2084, 64, 63, 61, 16, 2, 2]
[5942, 1058, 234, 97, 73, 24, 2, 2]
[10804333, 3686, 155, 3, 3, 3, 3, 2]
[72653, 10416, 8157, 3, 3, 3, 3, 2]
[53663, 16171, 388, 55, 3, 3, 3, 2]
[31130, 26114, 1139, 12, 5, 3, 3, 2]
[37889, 24536, 249, 40, 6, 3, 3, 2]
[52921, 4748, 670, 55, 6, 3, 3, 2]
[85554, 5438, 124, 107, 9, 3, 3, 2]
[32751, 2097, 886, 83, 11, 3, 3, 2]
[291316, 13029, 41, 21, 17, 3, 3, 2]
[278020, 244, 222, 217, 17, 3, 3, 2]
[66460, 49463, 26, 26, 25, 3, 3, 2]
[278020, 357, 244, 62, 37, 3, 3, 2]
[5197, 4507, 890, 65, 41, 3, 3, 2]
[269513, 302, 96, 90, 79, 3, 3, 2]
[30484, 1563, 488, 224, 8, 4, 3, 2]
[5942, 582, 529, 292, 78, 4, 3, 2]
[129409650, 318, 15, 9, 6, 5, 3, 2]
[812220, 2043, 93, 36, 6, 5, 3, 2]
[66460, 49463, 39, 26, 10, 5, 3, 2]
[23011, 1857, 453, 123, 14, 5, 3, 2]
[453230, 776, 359, 22, 10, 6, 3, 2]
[56883, 1187, 220, 85, 22, 6, 3, 2]
[269513, 240, 158, 151, 12, 9, 3, 2]
[30484, 2084, 96, 61, 32, 14, 3, 2]
[3796, 2971, 529, 97, 18, 16, 3, 2]
[5942, 1164, 156, 73, 46, 46, 3, 2]
[38288, 6353, 303, 106, 4, 4, 4, 2]
[999001, 715, 250, 25, 7, 4, 4, 2]
[784115, 274, 186, 46, 17, 4, 4, 2]
[56034, 1187, 1139, 22, 15, 5, 4, 2]
[37922, 20179, 275, 11, 9, 6, 4, 2]
[56034, 1187, 1139, 25, 11, 6, 4, 2]
[269513, 302, 162, 79, 20, 6, 4, 2]
[11881, 3678, 289, 101, 14, 7, 4, 2]
[30484, 1708, 521, 32, 16, 9, 4, 2]
[3796, 2971, 529, 97, 24, 9, 4, 2]
[5942, 657, 598, 194, 23, 12, 4, 2]
[30484, 2084, 122, 36, 28, 16, 4, 2]
[56883, 1187, 275, 22, 18, 17, 4, 2]
[5942, 1058, 291, 73, 36, 26, 4, 2]
[18571, 11188, 271, 37, 8, 6, 5, 2]
[56883, 1187, 204, 110, 11, 6, 5, 2]
[56883, 1187, 242, 68, 15, 6, 5, 2]
[269513, 243, 158, 151, 8, 8, 5, 2]
[269513, 316, 151, 81, 12, 8, 5, 2]
[4026626, 113, 101, 17, 16, 8, 5, 2]
[56883, 1187, 272, 33, 15, 11, 5, 2]
[5942, 1058, 194, 146, 78, 6, 6, 2]
[269513, 302, 158, 90, 9, 8, 6, 2]
[5942, 776, 529, 146, 18, 13, 6, 2]
[30484, 2084, 122, 48, 16, 14, 6, 2]
[25008, 7621, 61, 56, 12, 8, 8, 2]
[30484, 2084, 112, 61, 16, 9, 8, 2]
[5942, 1261, 73, 54, 46, 46, 8, 2]
[999001, 910, 55, 10, 10, 10, 10, 2]
[129409650, 318, 15, 10, 6, 3, 3, 3]
[367385, 9525, 54, 28, 7, 3, 3, 3]
[367385, 9525, 63, 14, 12, 3, 3, 3]
[264740, 13901, 37, 34, 6, 4, 3, 3]
[52209062, 263, 17, 17, 7, 4, 3, 3]
[367385, 9525, 63, 18, 7, 4, 3, 3]
[129409650, 318, 18, 6, 5, 5, 3, 3]
[5942, 1058, 194, 146, 78, 8, 3, 3]
[123737, 4341, 36, 26, 17, 13, 3, 3]
[5942, 876, 388, 184, 23, 13, 3, 3]
[5942, 776, 584, 78, 23, 23, 3, 3]
[89499, 811, 267, 215, 5, 4, 4, 3]
[18571, 11188, 271, 37, 10, 4, 4, 3]
[269513, 302, 158, 90, 12, 6, 4, 3]
[5942, 897, 388, 146, 46, 6, 4, 3]
[780509, 163, 122, 59, 13, 7, 4, 3]
[5942, 949, 388, 69, 69, 8, 4, 3]
[87456, 27043, 29, 15, 9, 9, 4, 3]
[269513, 320, 151, 79, 9, 9, 4, 3]
[123737, 4341, 39, 26, 17, 9, 4, 3]
[30484, 2084, 112, 61, 16, 12, 4, 3]
[5942, 1058, 291, 73, 48, 13, 4, 3]
[5942, 1164, 184, 73, 39, 23, 4, 3]
[56883, 1187, 264, 44, 17, 5, 5, 3]
[42732, 15565, 67, 17, 11, 8, 5, 3]
[5942, 949, 388, 92, 46, 6, 6, 3]
[123737, 4341, 51, 13, 13, 12, 6, 3]
[4232, 2971, 97, 73, 26, 24, 6, 3]
[5942, 1261, 73, 69, 46, 32, 6, 3]
[5942, 776, 598, 73, 23, 9, 8, 3]
[5942, 1196, 146, 97, 23, 16, 9, 3]
[269513, 316, 151, 81, 15, 4, 4, 4]
[3796, 2971, 529, 97, 27, 4, 4, 4]
[25008, 7621, 61, 42, 32, 4, 4, 4]
[25008, 7621, 61, 56, 16, 6, 4, 4]
[53415, 4811, 134, 22, 11, 6, 5, 4]
[2971, 2847, 1552, 23, 23, 6, 6, 4]
[5942, 1058, 291, 73, 52, 6, 6, 4]
[11881, 3434, 613, 17, 14, 7, 6, 4]
[30484, 2084, 122, 56, 12, 8, 6, 4]
[4232, 2971, 97, 73, 36, 13, 6, 4]
[5942, 1196, 146, 97, 23, 18, 6, 4]
[2145284, 9686, 11, 7, 5, 5, 5, 5]
[106140, 18726, 115, 7, 5, 5, 5, 5]
[779, 722, 641, 317, 25, 14, 5, 5]
[1416852, 101, 31, 17, 17, 13, 12, 5]
[4232, 2971, 97, 73, 39, 8, 6, 6]
[5942, 1261, 146, 23, 23, 16, 12, 9]
[269513, 302, 237, 15, 9, 3, 2, 2, 2, 2, 2, 2, 2]
[269513, 302, 237, 18, 5, 3, 3, 2, 2, 2, 2, 2, 2]
[269513, 453, 79, 24, 5, 3, 3, 3, 2, 2, 2, 2, 2]
[5942, 1261, 146, 46, 23, 3, 3, 3, 2, 2, 2, 2, 2]
[269513, 395, 151, 6, 6, 6, 3, 3, 2, 2, 2, 2, 2]
[269513, 395, 151, 8, 6, 3, 3, 3, 3, 2, 2, 2, 2]
[269513, 395, 151, 9, 4, 4, 3, 3, 3, 2, 2, 2, 2]
[15242, 14588, 2928, 6, 2, 2, 2, 2, 2, 2, 2, 2]
[30484, 1708, 521, 48, 4, 3, 2, 2, 2, 2, 2, 2]
[269513, 302, 237, 10, 9, 9, 2, 2, 2, 2, 2, 2]
[30484, 2084, 128, 61, 7, 3, 3, 2, 2, 2, 2, 2]
[269513, 302, 237, 15, 6, 6, 3, 2, 2, 2, 2, 2]
[269513, 453, 79, 18, 10, 6, 3, 2, 2, 2, 2, 2]
[269513, 302, 237, 15, 8, 3, 3, 3, 2, 2, 2, 2]
[269513, 453, 79, 20, 9, 4, 3, 3, 2, 2, 2, 2]
[269513, 395, 151, 6, 6, 4, 4, 3, 3, 3, 2, 2]
[269513, 395, 151, 8, 4, 4, 3, 3, 3, 3, 3, 2]
[25008, 7621, 122, 7, 4, 3, 2, 2, 2, 2, 2, 2, 2, 2, 2]
[30484, 2084, 183, 7, 3, 2, 2, 2, 2, 2, 2, 2, 2, 2, 2, 2, 2]
[269513, 395, 151, 9, 6, 3, 3, 2, 2, 2, 2, 2, 2, 2]
[19888, 14137, 751, 37, 2, 2, 2, 2, 2, 2, 2]
[30484, 2084, 96, 61, 42, 2, 2, 2, 2, 2, 2]
[5942, 897, 414, 97, 73, 2, 2, 2, 2, 2, 2]
[15242, 14588, 2928, 4, 4, 3, 2, 2, 2, 2, 2]
[22863, 7808, 2084, 7, 4, 3, 2, 2, 2, 2, 2]
[161141, 3140, 173, 17, 7, 3, 2, 2, 2, 2, 2]
[30484, 2084, 122, 48, 28, 3, 2, 2, 2, 2, 2]
[999001, 910, 55, 25, 5, 5, 2, 2, 2, 2, 2]
[30484, 2084, 122, 63, 8, 8, 2, 2, 2, 2, 2]
[30484, 2084, 126, 61, 8, 4, 4, 2, 2, 2, 2]
[11046275, 67, 29, 13, 8, 7, 4, 2, 2, 2, 2]
[269513, 302, 237, 9, 9, 8, 5, 2, 2, 2, 2]
[269513, 453, 79, 12, 12, 9, 5, 2, 2, 2, 2]
[269513, 302, 237, 10, 9, 6, 6, 2, 2, 2, 2]
[269513, 453, 79, 15, 9, 8, 6, 2, 2, 2, 2]
[269513, 302, 237, 10, 9, 8, 3, 3, 2, 2, 2]
[269513, 453, 79, 12, 12, 10, 3, 3, 2, 2, 2]
[269513, 302, 237, 12, 9, 5, 4, 3, 2, 2, 2]
[269513, 453, 79, 15, 12, 6, 4, 3, 2, 2, 2]
[269513, 453, 79, 18, 8, 6, 5, 3, 2, 2, 2]
[269513, 453, 79, 18, 9, 5, 4, 4, 2, 2, 2]
[812220, 2043, 124, 5, 3, 3, 3, 3, 3, 2, 2]
[269513, 302, 237, 12, 10, 4, 3, 3, 3, 2, 2]
[269513, 453, 79, 16, 12, 5, 3, 3, 3, 2, 2]
[269513, 302, 237, 15, 6, 4, 4, 3, 3, 2, 2]
[269513, 453, 79, 18, 10, 4, 4, 3, 3, 2, 2]
[269513, 453, 79, 20, 6, 6, 4, 3, 3, 2, 2]
[269513, 302, 237, 16, 5, 4, 3, 3, 3, 3, 2]
[269513, 453, 79, 20, 8, 4, 3, 3, 3, 3, 2]
[155970, 2258, 41, 19, 5, 3, 3, 3, 3, 3, 3]
[3672595460, 17018, 2, 2, 2, 2]
[404694455686, 103, 3, 2, 2, 2]
[26483781, 943974, 5, 2, 2, 2]
[88284629646, 236, 6, 2, 2, 2]
[2217260486, 9396, 6, 2, 2, 2]
[9200251, 2264431, 6, 2, 2, 2]
[12214337189, 602, 17, 2, 2, 2]
[221940555, 9546, 59, 2, 2, 2]
[600657, 84117, 2474, 2, 2, 2]
[5586592178771, 5, 3, 3, 2, 2]
[7118156, 3902384, 3, 3, 2, 2]
[232167073, 9701, 37, 3, 2, 2]
[174226014, 779, 614, 3, 2, 2]
[10271644, 3845, 2110, 3, 2, 2]
[32350943030, 322, 6, 4, 2, 2]
[35300684, 295084, 6, 4, 2, 2]
[868809730669, 9, 8, 4, 2, 2]
[5991791246, 1159, 9, 4, 2, 2]
[127086264, 35128, 14, 4, 2, 2]
[9755251, 457629, 14, 4, 2, 2]
[2026913, 934396, 33, 4, 2, 2]
[8148003, 120323, 51, 5, 2, 2]
[940453, 223386, 238, 5, 2, 2]
[355655, 49502, 2840, 5, 2, 2]
[303907860, 1987, 69, 6, 2, 2]
[512694574, 860, 81, 7, 2, 2]
[2521591124, 243, 51, 8, 2, 2]
[2905439, 562389, 17, 9, 2, 2]
[27871063, 5761, 173, 9, 2, 2]
[269694218, 4828, 16, 12, 2, 2]
[17121482, 7465, 163, 12, 2, 2]
[16212690, 2108, 385, 19, 2, 2]
[2467993, 67173, 58, 26, 2, 2]
[69958939, 775, 159, 29, 2, 2]
[2006102564, 67, 60, 31, 2, 2]
[16212690, 2261, 220, 31, 2, 2]
[2521843, 45516, 66, 33, 2, 2]
[95993, 30756, 1283, 66, 2, 2]
[2383995, 7918, 172, 77, 2, 2]
[445800, 7898, 582, 122, 2, 2]
[81129, 32796, 405, 232, 2, 2]
[17673, 17061, 1193, 695, 2, 2]
[4764947, 201021, 58, 3, 3, 2]
[831471530, 1044, 64, 3, 3, 2]
[2521591124, 162, 136, 3, 3, 2]
[868809730669, 12, 4, 4, 3, 2]
[2993303979, 290, 48, 4, 3, 2]
[3011294, 107262, 129, 4, 3, 2]
[9472477716, 391, 9, 5, 3, 2]
[18158259, 203968, 9, 5, 3, 2]
[2619304, 136839, 93, 5, 3, 2]
[1230098, 17642, 1536, 5, 3, 2]
[8721513357, 245, 13, 6, 3, 2]
[436369, 169751, 375, 6, 3, 2]
[10102754, 36824, 64, 7, 3, 2]
[2649210138, 983, 8, 8, 3, 2]
[3517411, 61061, 97, 8, 3, 2]
[70936480, 683, 430, 8, 3, 2]
[129337344, 14318, 10, 9, 3, 2]
[55108081, 10840, 31, 9, 3, 2]
[70430476, 7888, 25, 12, 3, 2]
[6891651, 26173, 77, 12, 3, 2]
[450528, 185711, 166, 12, 3, 2]
[5679245, 33966, 54, 16, 3, 2]
[2905310, 23085, 71, 35, 3, 2]
[13513811, 1642, 203, 37, 3, 2]
[11432250, 981, 193, 77, 3, 2]
[4510223, 1046, 384, 92, 3, 2]
[564667, 9363, 284, 111, 3, 2]
[330287, 2618, 1367, 141, 3, 2]
[812220, 1362, 540, 279, 3, 2]
[1010935287, 448, 69, 4, 4, 2]
[10652557, 15279, 192, 4, 4, 2]
[5615369, 16392, 97, 14, 4, 2]
[7079618, 6270, 176, 16, 4, 2]
[159204, 22819, 2024, 17, 4, 2]
[427740, 84096, 139, 25, 4, 2]
[16212690, 2387, 85, 38, 4, 2]
[227429, 30688, 398, 45, 4, 2]
[2475474, 5249, 185, 52, 4, 2]
[2653460, 652, 446, 162, 4, 2]
[59286, 4581, 971, 474, 4, 2]
[32912710, 101278, 6, 5, 5, 2]
[512694574, 903, 36, 6, 5, 2]
[26950009, 1202, 441, 7, 5, 2]
[3572277, 6610, 605, 7, 5, 2]
[2232496668, 553, 9, 9, 5, 2]
[31785083, 2689, 117, 10, 5, 2]
[5572650, 2852, 484, 13, 5, 2]
[78048482, 373, 229, 15, 5, 2]
[787017981, 181, 39, 18, 5, 2]
[656634, 7936, 1010, 19, 5, 2]
[809691030, 83, 62, 24, 5, 2]
[100466, 23861, 1545, 27, 5, 2]
[129614, 11895, 1753, 37, 5, 2]
[152415, 3466, 2337, 81, 5, 2]
[187901016, 2174, 34, 6, 6, 2]
[1918358499, 181, 30, 8, 6, 2]
[2290918, 37270, 122, 8, 6, 2]
[2509317, 31212, 133, 8, 6, 2]
[1327689, 76637, 63, 13, 6, 2]
[5195954, 1565, 183, 56, 6, 2]
[33091, 6515, 5522, 70, 6, 2]
[192652, 3764, 442, 260, 6, 2]
[96118809, 4889, 19, 8, 7, 2]
[161726070, 536, 103, 8, 7, 2]
[592498144, 705, 19, 9, 7, 2]
[66678531, 643, 98, 17, 7, 2]
[658940, 113626, 53, 18, 7, 2]
[177797, 65612, 157, 39, 7, 2]
[33028691, 341, 151, 42, 7, 2]
[824875, 263087, 18, 16, 8, 2]
[285983, 3381, 1747, 37, 8, 2]
[108172, 5466, 783, 135, 8, 2]
[165944, 61081, 261, 21, 9, 2]
[757903, 6045, 141, 86, 9, 2]
[640268, 973, 737, 121, 9, 2]
[49578, 13118, 7688, 10, 10, 2]
[4540324, 5889, 170, 11, 10, 2]
[873685, 2528, 539, 42, 10, 2]
[5305301, 1231, 116, 66, 10, 2]
[242187, 112251, 152, 11, 11, 2]
[402666133, 409, 23, 12, 11, 2]
[179598, 23618, 893, 12, 11, 2]
[54417, 26194, 2453, 13, 11, 2]
[114899118, 814, 27, 18, 11, 2]
[57594, 22469, 1405, 25, 11, 2]
[124597, 79282, 222, 19, 12, 2]
[1107253, 10485, 97, 37, 12, 2]
[85554, 2889, 2719, 62, 12, 2]
[310710019, 207, 26, 23, 13, 2]
[98926, 16615, 390, 60, 13, 2]
[169453, 17124, 724, 17, 14, 2]
[194969, 8547, 564, 38, 14, 2]
[11009, 2452, 1734, 763, 14, 2]
[873685, 2744, 316, 44, 15, 2]
[873685, 2765, 294, 44, 16, 2]
[163899, 11738, 156, 98, 17, 2]
[34243, 23740, 270, 134, 17, 2]
[6868, 4578, 4291, 218, 17, 2]
[152415, 5199, 615, 57, 18, 2]
[10407, 4008, 866, 769, 18, 2]
[612993, 6750, 212, 30, 19, 2]
[214089, 831, 554, 267, 19, 2]
[10031, 7746, 746, 454, 19, 2]
[163899, 11738, 182, 68, 21, 2]
[7794, 4614, 3469, 167, 24, 2]
[112356, 12383, 125, 115, 25, 2]
[1378302, 2300, 131, 43, 28, 2]
[999001, 550, 325, 100, 28, 2]
[999001, 625, 220, 130, 28, 2]
[640268, 1529, 201, 77, 33, 2]
[173821, 6620, 284, 45, 34, 2]
[161141, 2768, 471, 70, 34, 2]
[249638, 5284, 190, 57, 35, 2]
[37889, 24536, 180, 83, 36, 2]
[42178, 5273, 549, 105, 39, 2]
[873685, 2940, 79, 56, 44, 2]
[631887, 5235, 67, 48, 47, 2]
[39171, 18961, 110, 102, 60, 2]
[42178, 5273, 567, 65, 61, 2]
[56034, 1187, 1005, 110, 68, 2]
[2971, 2392, 1164, 828, 73, 2]
[2971, 2328, 1587, 438, 104, 2]
[14217, 5423, 317, 193, 106, 2]
[2971, 2328, 1679, 312, 138, 2]
[9472477716, 391, 10, 3, 3, 3]
[18158259, 203968, 10, 3, 3, 3]
[1718499475, 898, 24, 3, 3, 3]
[16568268, 50805, 44, 3, 3, 3]
[178082, 43592, 4771, 3, 3, 3]
[15375832, 17887, 101, 4, 3, 3]
[121867651, 1407, 162, 4, 3, 3]
[21084146830, 34, 31, 5, 3, 3]
[75808580, 620, 394, 6, 3, 3]
[4105115, 5732, 787, 6, 3, 3]
[233339, 90288, 879, 6, 3, 3]
[187901016, 2174, 34, 8, 3, 3]
[1800189740, 762, 9, 9, 3, 3]
[2232496668, 553, 10, 9, 3, 3]
[337494, 68120, 537, 9, 3, 3]
[4366674, 19725, 86, 15, 3, 3]
[905283, 82043, 68, 22, 3, 3]
[1045422, 4167, 981, 26, 3, 3]
[3653186, 12948, 87, 27, 3, 3]
[15273824, 3849, 45, 42, 3, 3]
[129409650, 225, 72, 53, 3, 3]
[211698, 13847, 368, 103, 3, 3]
[300372, 3461, 640, 167, 3, 3]
[352231, 1432, 527, 418, 3, 3]
[52228, 4811, 825, 536, 3, 3]
[102473810, 1576, 129, 4, 4, 3]
[70430476, 7888, 30, 5, 4, 3]
[54084040, 1547, 166, 6, 4, 3]
[116215300, 370, 323, 6, 4, 3]
[42210979, 8058, 35, 7, 4, 3]
[2690485, 206489, 15, 10, 4, 3]
[81129, 32796, 580, 54, 4, 3]
[53663, 15543, 970, 103, 4, 3]
[1428123, 5604, 1666, 5, 5, 3]
[1918358499, 181, 32, 6, 5, 3]
[2554676463, 233, 14, 8, 5, 3]
[421208, 310343, 30, 17, 5, 3]
[39171, 16080, 3113, 34, 5, 3]
[99435, 11901, 1006, 56, 5, 3]
[257283, 22261, 194, 60, 5, 3]
[78025, 46690, 183, 100, 5, 3]
[40494027131, 28, 7, 7, 6, 3]
[877079, 130871, 44, 11, 6, 3]
[114899118, 814, 27, 22, 6, 3]
[104567, 5469, 1542, 63, 6, 3]
[123737, 2873, 1447, 108, 6, 3]
[6938, 6921, 1336, 866, 6, 3]
[2866775, 2762, 97, 62, 7, 3]
[36973, 9848, 921, 142, 7, 3]
[161141, 2669, 346, 320, 7, 3]
[79608, 10876, 679, 63, 9, 3]
[51425, 4528, 2374, 67, 9, 3]
[50039, 22312, 1866, 16, 10, 3]
[612993, 6750, 212, 38, 10, 3]
[144657, 73479, 56, 35, 16, 3]
[210858, 19819, 276, 17, 17, 3]
[1840090, 11035, 32, 27, 19, 3]
[352231, 2046, 179, 136, 19, 3]
[161141, 2941, 224, 157, 20, 3]
[352231, 1938, 358, 62, 22, 3]
[8902647, 337, 128, 31, 28, 3]
[16672, 15242, 768, 61, 28, 3]
[1833744, 1761, 66, 46, 34, 3]
[26530, 2797, 448, 271, 37, 3]
[182118, 2443, 318, 62, 38, 3]
[43490, 32527, 114, 53, 39, 3]
[5197, 4507, 650, 267, 82, 3]
[2971, 2392, 1679, 288, 97, 3]
[2971, 2522, 1587, 219, 128, 3]
[1010935287, 483, 32, 4, 4, 4]
[52683, 24641, 9629, 5, 4, 4]
[18867492, 2556, 216, 6, 4, 4]
[45137, 44664, 5167, 6, 4, 4]
[85859019490, 13, 8, 7, 4, 4]
[2554676463, 233, 15, 7, 4, 4]
[824875, 263087, 24, 12, 4, 4]
[12938764, 802, 317, 19, 4, 4]
[64378, 25198, 448, 86, 4, 4]
[3888597, 515, 303, 103, 4, 4]
[2690485, 206489, 18, 5, 5, 4]
[355613, 46084, 113, 27, 5, 4]
[1714997, 10695, 58, 47, 5, 4]
[238891, 2653, 652, 121, 5, 4]
[116215300, 629, 57, 10, 6, 4]
[455462, 40159, 134, 17, 6, 4]
[98926, 16615, 390, 65, 6, 4]
[77111, 65102, 100, 83, 6, 4]
[15372, 15242, 2084, 64, 8, 4]
[116215300, 646, 37, 10, 9, 4]
[34221309, 622, 87, 15, 9, 4]
[812220, 1674, 454, 45, 9, 4]
[37379, 9156, 6037, 11, 11, 4]
[24451074, 845, 50, 22, 11, 4]
[1840090, 11035, 38, 27, 12, 4]
[8902647, 337, 112, 62, 12, 4]
[16672, 15242, 732, 112, 12, 4]
[12714096, 309, 89, 55, 13, 4]
[67732, 8654, 677, 45, 14, 4]
[8902647, 337, 124, 48, 14, 4]
[10421, 3706, 1526, 303, 14, 4]
[451267, 9593, 77, 50, 15, 4]
[343471, 3674, 151, 82, 16, 4]
[735919, 2677, 141, 45, 20, 4]
[999001, 625, 286, 70, 20, 4]
[30484, 976, 768, 521, 21, 4]
[68235, 5578, 311, 96, 22, 4]
[158928, 8039, 106, 71, 26, 4]
[161141, 2941, 314, 56, 30, 4]
[568099, 617, 144, 127, 39, 4]
[56600, 1187, 363, 201, 51, 4]
[13876, 866, 769, 501, 54, 4]
[30484, 1536, 521, 168, 61, 4]
[33044, 904, 592, 211, 67, 4]
[1201470, 10705, 311, 10, 5, 5]
[5195954, 939, 854, 8, 6, 5]
[116215300, 646, 37, 12, 6, 5]
[358138, 48628, 87, 22, 6, 5]
[46695, 7122, 4556, 22, 6, 5]
[257169, 74364, 83, 18, 7, 5]
[255916, 1592, 974, 72, 7, 5]
[161141, 2768, 408, 157, 7, 5]
[144657, 73479, 49, 48, 8, 5]
[5482366, 15590, 26, 10, 9, 5]
[267118, 16985, 158, 31, 9, 5]
[156287, 32642, 99, 44, 9, 5]
[24451074, 845, 55, 16, 11, 5]
[156287, 32642, 108, 33, 11, 5]
[451267, 9593, 70, 60, 11, 5]
[484784, 5211, 377, 15, 14, 5]
[192652, 3764, 663, 26, 16, 5]
[39171, 18961, 132, 120, 17, 5]
[474780, 15519, 58, 26, 18, 5]
[161141, 2941, 314, 64, 21, 5]
[23011, 1238, 738, 453, 21, 5]
[619865, 22563, 26, 25, 22, 5]
[116999, 997, 188, 160, 57, 5]
[5482366, 15590, 25, 13, 6, 6]
[1476486, 2103, 639, 14, 6, 6]
[105909, 40388, 191, 34, 6, 6]
[2653460, 892, 326, 36, 6, 6]
[201476, 1739, 809, 98, 6, 6]
[33028691, 302, 217, 11, 7, 6]
[14014712, 1265, 79, 17, 7, 6]
[37889, 24536, 166, 120, 9, 6]
[52228, 3113, 3015, 34, 10, 6]
[757903, 6063, 186, 15, 13, 6]
[474780, 15519, 58, 30, 13, 6]
[39171, 18961, 176, 75, 17, 6]
[265705, 24923, 44, 26, 22, 6]
[71283, 1914, 553, 47, 47, 6]
[2971, 2231, 1898, 276, 48, 6]
[15259, 1159, 714, 197, 67, 6]
[2181826, 47723, 28, 7, 7, 7]
[544254, 3334, 489, 23, 7, 7]
[163899, 11738, 208, 51, 7, 7]
[42178, 5273, 549, 130, 9, 7]
[999001, 650, 250, 88, 10, 7]
[267181, 17981, 59, 36, 14, 7]
[16001, 13383, 522, 71, 18, 7]
[66104, 3748, 465, 62, 20, 7]
[19579, 10027, 379, 64, 30, 7]
[278020, 306, 183, 148, 62, 7]
[278020, 279, 244, 102, 74, 7]
[161141, 2941, 314, 70, 12, 8]
[265705, 24923, 44, 33, 13, 8]
[432426, 21899, 33, 20, 20, 8]
[10421, 4949, 436, 109, 51, 8]
[3492, 2971, 598, 292, 69, 8]
[37922, 20179, 220, 66, 10, 9]
[352231, 2108, 179, 76, 11, 9]
[156287, 32642, 121, 15, 12, 9]
[42178, 5273, 610, 63, 13, 9]
[49808, 7370, 1187, 17, 15, 9]
[23011, 1238, 906, 287, 15, 9]
[3796, 2971, 276, 194, 184, 9]
[999001, 625, 308, 52, 10, 10]
[999001, 650, 280, 55, 10, 10]
[999001, 700, 220, 65, 10, 10]
[999001, 715, 200, 70, 10, 10]
[451267, 9593, 105, 20, 11, 10]
[251956, 1103, 638, 47, 12, 10]
[37889, 24536, 249, 24, 18, 10]
[23011, 1238, 1057, 123, 27, 10]
[116999, 997, 282, 80, 38, 10]
[265705, 24923, 52, 24, 11, 11]
[39171, 18961, 200, 51, 12, 11]
[999001, 625, 325, 28, 16, 11]
[812220, 2043, 62, 54, 15, 12]
[116999, 997, 190, 188, 20, 12]
[116717, 4091, 271, 28, 23, 12]
[278020, 279, 259, 122, 34, 12]
[278020, 333, 238, 62, 61, 12]
[269513, 180, 158, 151, 72, 12]
[5942, 598, 368, 291, 219, 12]
[43490, 32527, 159, 19, 18, 13]
[999001, 700, 250, 22, 20, 13]
[3358, 2971, 776, 276, 36, 13]
[5942, 621, 368, 292, 194, 13]
[84289, 6741, 97, 81, 16, 14]
[148156, 5683, 235, 19, 19, 14]
[367385, 9525, 28, 27, 27, 14]
[278020, 306, 244, 111, 31, 14]
[23011, 1857, 453, 90, 41, 14]
[464634, 1193, 211, 38, 15, 15]
[812220, 2043, 81, 31, 16, 15]
[1087106, 3809, 28, 25, 23, 15]
[56883, 1187, 165, 88, 68, 15]
[5942, 529, 438, 388, 117, 16]
[784115, 274, 124, 92, 24, 17]
[56883, 1187, 150, 121, 48, 17]
[367385, 9525, 36, 21, 21, 18]
[278020, 366, 217, 68, 37, 18]
[278020, 427, 148, 62, 51, 18]
[14377, 1894, 1333, 58, 25, 19]
[2971, 2522, 1752, 138, 24, 23]
[3942, 2971, 208, 194, 92, 23]
[269513, 302, 108, 79, 60, 24]
[5942, 598, 582, 146, 138, 24]
[56883, 1187, 176, 102, 33, 25]
[56883, 1187, 187, 88, 36, 25]
[5197, 4507, 890, 45, 41, 26]
[269513, 237, 151, 128, 30, 27]
[5942, 873, 299, 146, 138, 32]
[269513, 302, 120, 79, 36, 36]
[5942, 873, 292, 208, 69, 46]
[5942, 873, 312, 184, 73, 46]
[5942, 897, 276, 194, 73, 48]
[5942, 876, 368, 97, 78, 69]
[868809730669, 12, 6, 2, 2, 2, 2]
[2893526891, 2700, 8, 2, 2, 2, 2]
[220370765, 12331, 23, 2, 2, 2, 2]
[750300683, 1666, 50, 2, 2, 2, 2]
[1010935287, 336, 184, 2, 2, 2, 2]
[417876, 33550, 2972, 3, 2, 2, 2]
[5975179106, 1046, 5, 4, 2, 2, 2]
[528014607, 7398, 8, 4, 2, 2, 2]
[2649210138, 983, 12, 4, 2, 2, 2]
[67031, 25956, 14369, 5, 2, 2, 2]
[102473810, 1576, 129, 6, 2, 2, 2]
[37912244, 51517, 8, 8, 2, 2, 2]
[45802312, 740, 461, 8, 2, 2, 2]
[187901016, 2174, 34, 9, 2, 2, 2]
[3616308, 40570, 71, 12, 2, 2, 2]
[19298415, 2476, 218, 12, 2, 2, 2]
[4470305, 16674, 129, 13, 2, 2, 2]
[684376974, 158, 68, 17, 2, 2, 2]
[336699, 17182, 697, 31, 2, 2, 2]
[357872, 2513, 2044, 68, 2, 2, 2]
[129337344, 14318, 15, 3, 3, 2, 2]
[1682747, 117910, 140, 3, 3, 2, 2]
[2585361, 52411, 205, 3, 3, 2, 2]
[863302, 383050, 42, 6, 3, 2, 2]
[18867492, 2556, 216, 8, 3, 2, 2]
[45137, 44664, 5167, 8, 3, 2, 2]
[2554676463, 233, 14, 10, 3, 2, 2]
[787017981, 181, 45, 13, 3, 2, 2]
[658940, 113626, 53, 21, 3, 2, 2]
[37351, 17393, 5131, 25, 3, 2, 2]
[575638, 71916, 61, 33, 3, 2, 2]
[93087, 5442, 4329, 38, 3, 2, 2]
[3888597, 515, 206, 202, 3, 2, 2]
[52921, 3561, 1650, 268, 3, 2, 2]
[182118, 1767, 742, 349, 3, 2, 2]
[454485, 35126, 783, 5, 4, 2, 2]
[84289, 6111, 642, 189, 4, 2, 2]
[886211349, 182, 62, 5, 5, 2, 2]
[5757185, 1888, 920, 5, 5, 2, 2]
[116215300, 629, 57, 12, 5, 2, 2]
[35450535, 392, 257, 14, 5, 2, 2]
[1155133, 941, 807, 57, 5, 2, 2]
[2522545, 4114, 73, 66, 5, 2, 2]
[1320428, 4989, 115, 66, 5, 2, 2]
[7814, 7619, 2276, 369, 5, 2, 2]
[110311585, 1067, 59, 6, 6, 2, 2]
[5195954, 939, 854, 10, 6, 2, 2]
[50039, 22312, 1866, 20, 6, 2, 2]
[15242, 14336, 3126, 61, 6, 2, 2]
[659008548, 98, 79, 7, 7, 2, 2]
[3713529, 1064, 719, 11, 8, 2, 2]
[2653460, 978, 223, 54, 8, 2, 2]
[5482366, 15590, 25, 13, 9, 2, 2]
[1476486, 2103, 639, 14, 9, 2, 2]
[105909, 40388, 191, 34, 9, 2, 2]
[2653460, 892, 326, 36, 9, 2, 2]
[201476, 1739, 809, 98, 9, 2, 2]
[144657, 73479, 49, 48, 10, 2, 2]
[636736, 28785, 40, 31, 11, 2, 2]
[453230, 582, 359, 220, 12, 2, 2]
[235169782, 63, 59, 22, 13, 2, 2]
[158756, 8039, 318, 44, 14, 2, 2]
[144657, 73479, 70, 21, 16, 2, 2]
[52228, 3113, 3015, 30, 17, 2, 2]
[163899, 11738, 221, 28, 21, 2, 2]
[37922, 20179, 220, 55, 27, 2, 2]
[37922, 20179, 225, 44, 33, 2, 2]
[27970, 1084, 758, 222, 49, 2, 2]
[2971, 2116, 1898, 388, 54, 2, 2]
[2232496668, 553, 15, 3, 3, 3, 2]
[16399898, 49095, 23, 3, 3, 3, 2]
[8585445, 323545, 5, 4, 3, 3, 2]
[2690485, 206489, 20, 5, 3, 3, 2]
[325810478, 509, 67, 5, 3, 3, 2]
[1313535, 10341, 818, 5, 3, 3, 2]
[13699926, 10901, 62, 6, 3, 3, 2]
[1750547, 7492, 706, 6, 3, 3, 2]
[110311585, 1067, 59, 8, 3, 3, 2]
[114899118, 814, 33, 18, 3, 3, 2]
[129409650, 225, 106, 18, 3, 3, 2]
[129409650, 265, 54, 30, 3, 3, 2]
[75099, 20947, 981, 36, 3, 3, 2]
[290981, 13044, 357, 41, 3, 3, 2]
[358138, 48628, 58, 55, 3, 3, 2]
[224222, 34341, 111, 65, 3, 3, 2]
[116215300, 646, 37, 15, 4, 3, 2]
[53552688, 8892, 10, 7, 5, 3, 2]
[401181, 3568, 2117, 11, 5, 3, 2]
[5482366, 15590, 26, 15, 5, 3, 2]
[257169, 74364, 83, 21, 5, 3, 2]
[1896362, 7198, 185, 11, 6, 3, 2]
[290318, 4166, 1351, 17, 6, 3, 2]
[144657, 73479, 64, 35, 7, 3, 2]
[144657, 73479, 70, 28, 8, 3, 2]
[123365, 5623, 639, 47, 8, 3, 2]
[757903, 6110, 129, 31, 9, 3, 2]
[640268, 1529, 231, 67, 11, 3, 2]
[37922, 20179, 180, 110, 11, 3, 2]
[37922, 20179, 220, 66, 15, 3, 2]
[161141, 2941, 314, 70, 16, 3, 2]
[16001, 13383, 522, 71, 21, 3, 2]
[2971, 2392, 1164, 876, 23, 3, 2]
[52921, 4748, 670, 33, 30, 3, 2]
[56976, 849, 335, 187, 55, 3, 2]
[81964210, 1833, 26, 8, 4, 4, 2]
[17380887, 8644, 26, 8, 4, 4, 2]
[1537182, 6896, 67, 44, 4, 4, 2]
[24451074, 845, 55, 22, 5, 4, 2]
[636736, 28785, 44, 31, 5, 4, 2]
[635529, 1005, 694, 47, 6, 4, 2]
[301863, 4173, 886, 16, 7, 4, 2]
[999001, 715, 175, 100, 10, 4, 2]
[5572650, 3289, 31, 20, 11, 4, 2]
[451267, 9593, 105, 25, 11, 4, 2]
[26301294, 109, 78, 43, 13, 4, 2]
[19579, 9096, 1355, 37, 14, 4, 2]
[12971, 1717, 654, 613, 14, 4, 2]
[104056, 932, 597, 127, 17, 4, 2]
[37889, 24536, 249, 27, 20, 4, 2]
[999001, 625, 325, 28, 22, 4, 2]
[167462, 634, 339, 151, 23, 4, 2]
[3358, 2971, 582, 468, 46, 4, 2]
[278020, 279, 259, 102, 61, 4, 2]
[3504, 2971, 582, 299, 69, 4, 2]
[2971, 2691, 1552, 138, 73, 4, 2]
[3588, 2971, 582, 146, 138, 4, 2]
[5757185, 2714, 80, 16, 5, 5, 2]
[519972, 26512, 39, 31, 6, 5, 2]
[451267, 9593, 100, 33, 7, 5, 2]
[798824769, 163, 12, 8, 8, 5, 2]
[5572650, 3289, 31, 22, 8, 5, 2]
[432426, 21899, 33, 32, 10, 5, 2]
[432426, 21899, 40, 24, 11, 5, 2]
[166456, 115088, 29, 15, 12, 5, 2]
[37922, 20179, 242, 45, 12, 5, 2]
[432426, 21899, 44, 16, 15, 5, 2]
[2448679, 449, 163, 31, 18, 5, 2]
[5197, 4507, 533, 445, 18, 5, 2]
[36548, 2489, 137, 118, 68, 5, 2]
[269513, 162, 158, 151, 96, 5, 2]
[474780, 15519, 65, 29, 6, 6, 2]
[735919, 2677, 150, 47, 6, 6, 2]
[1840090, 11035, 57, 9, 8, 6, 2]
[77111, 65102, 166, 10, 10, 6, 2]
[192652, 3764, 676, 17, 10, 6, 2]
[432426, 21899, 44, 20, 10, 6, 2]
[19579, 10027, 379, 80, 14, 6, 2]
[39171, 18961, 220, 30, 17, 6, 2]
[784115, 274, 124, 92, 34, 6, 2]
[278020, 427, 111, 93, 68, 6, 2]
[269513, 216, 151, 120, 79, 6, 2]
[5942, 598, 388, 276, 219, 6, 2]
[659008548, 158, 14, 7, 7, 7, 2]
[873685, 2607, 490, 8, 8, 7, 2]
[144657, 73479, 84, 10, 8, 7, 2]
[3992151, 4508, 49, 9, 9, 7, 2]
[11009, 3678, 1156, 109, 14, 7, 2]
[278020, 366, 153, 148, 31, 7, 2]
[71283, 2291, 141, 94, 33, 7, 2]
[11881, 3678, 238, 101, 68, 7, 2]
[2971, 2231, 1314, 897, 8, 8, 2]
[116999, 997, 282, 100, 19, 8, 2]
[39171, 18961, 220, 34, 10, 9, 2]
[812220, 2043, 90, 31, 12, 9, 2]
[568099, 617, 254, 26, 24, 9, 2]
[278020, 427, 124, 111, 34, 9, 2]
[5942, 776, 299, 219, 184, 9, 2]
[812220, 2043, 93, 27, 12, 10, 2]
[116999, 997, 235, 152, 12, 10, 2]
[5095, 2179, 1717, 61, 43, 10, 2]
[56883, 1187, 204, 66, 55, 10, 2]
[16801, 2031, 1351, 34, 29, 11, 2]
[56883, 1187, 180, 110, 34, 11, 2]
[264740, 13901, 37, 18, 17, 12, 2]
[66460, 49463, 26, 25, 18, 13, 2]
[5942, 776, 414, 146, 138, 13, 2]
[66460, 49463, 26, 26, 15, 15, 2]
[15628, 1203, 1138, 82, 19, 15, 2]
[56883, 1187, 220, 66, 34, 15, 2]
[784115, 274, 184, 31, 24, 17, 2]
[56883, 1187, 187, 110, 20, 18, 2]
[269513, 302, 158, 54, 40, 18, 2]
[269513, 302, 144, 79, 27, 20, 2]
[269513, 316, 151, 45, 36, 24, 2]
[269513, 316, 151, 48, 30, 27, 2]
[278020, 518, 68, 61, 31, 27, 2]
[5942, 876, 388, 138, 46, 39, 2]
[10646, 713, 149, 127, 59, 59, 2]
[78697060, 52292, 3, 3, 3, 3, 3]
[5679245, 33966, 64, 3, 3, 3, 3]
[59596052, 732, 283, 3, 3, 3, 3]
[193642, 136229, 468, 3, 3, 3, 3]
[34221309, 622, 87, 20, 3, 3, 3]
[1214313, 11749, 118, 22, 3, 3, 3]
[612993, 6625, 360, 19, 4, 3, 3]
[129409650, 265, 72, 9, 5, 3, 3]
[35376, 20179, 2830, 11, 5, 3, 3]
[3992151, 4508, 42, 21, 7, 3, 3]
[177292, 7409, 212, 57, 7, 3, 3]
[71283, 1363, 1034, 158, 7, 3, 3]
[474780, 15519, 65, 29, 8, 3, 3]
[735919, 2677, 150, 47, 8, 3, 3]
[37889, 24536, 249, 32, 15, 3, 3]
[43490, 32527, 159, 26, 19, 3, 3]
[464634, 1193, 211, 38, 25, 3, 3]
[812220, 2043, 80, 31, 27, 3, 3]
[8902647, 337, 124, 56, 4, 4, 3]
[56056140, 139, 93, 23, 5, 4, 3]
[1840090, 11035, 57, 12, 6, 4, 3]
[88054283, 522, 37, 7, 7, 4, 3]
[2015532, 7971, 39, 19, 7, 4, 3]
[30484, 1024, 732, 521, 7, 4, 3]
[37889, 24536, 249, 36, 10, 4, 3]
[352231, 1969, 372, 19, 17, 4, 3]
[367385, 9525, 42, 27, 21, 4, 3]
[2971, 2392, 1746, 292, 23, 4, 3]
[166456, 115088, 29, 20, 6, 5, 3]
[39171, 18961, 176, 85, 6, 5, 3]
[39171, 18961, 204, 55, 8, 5, 3]
[812220, 2043, 93, 27, 16, 5, 3]
[116999, 997, 235, 152, 16, 5, 3]
[1793070, 12719, 29, 14, 6, 6, 3]
[60825, 29833, 89, 43, 8, 6, 3]
[10407, 4614, 866, 167, 8, 6, 3]
[367385, 9525, 49, 27, 12, 6, 3]
[812220, 2043, 93, 30, 12, 6, 3]
[269513, 216, 158, 151, 40, 6, 3]
[5942, 529, 438, 416, 97, 6, 3]
[116717, 4091, 271, 46, 8, 7, 3]
[367385, 9525, 42, 36, 9, 7, 3]
[41701, 41162, 194, 13, 11, 7, 3]
[367385, 9525, 54, 21, 12, 7, 3]
[291316, 13029, 41, 18, 17, 7, 3]
[278020, 333, 272, 61, 31, 7, 3]
[269513, 288, 151, 79, 45, 8, 3]
[56883, 1187, 220, 55, 51, 8, 3]
[56883, 1187, 170, 132, 22, 10, 3]
[269513, 302, 144, 79, 36, 10, 3]
[3358, 2971, 776, 299, 12, 12, 3]
[278020, 518, 62, 61, 51, 12, 3]
[66460, 49463, 40, 15, 13, 13, 3]
[5197, 4507, 890, 82, 15, 13, 3]
[5942, 584, 552, 291, 46, 13, 3]
[5942, 828, 388, 184, 73, 13, 3]
[269513, 302, 158, 72, 24, 15, 3]
[56883, 1187, 242, 51, 25, 16, 3]
[278020, 527, 63, 61, 37, 16, 3]
[5942, 949, 291, 138, 92, 16, 3]
[56883, 1187, 240, 55, 22, 17, 3]
[5942, 584, 468, 388, 23, 23, 3]
[5942, 736, 582, 73, 69, 26, 3]
[5942, 1058, 194, 146, 52, 36, 3]
[5942, 776, 552, 73, 46, 39, 3]
[798824769, 163, 15, 8, 4, 4, 4]
[798824769, 163, 16, 6, 5, 4, 4]
[636736, 28785, 62, 11, 5, 4, 4]
[144657, 73479, 84, 14, 5, 4, 4]
[77111, 65102, 166, 15, 5, 4, 4]
[60825, 29833, 89, 43, 9, 4, 4]
[10407, 4614, 866, 167, 9, 4, 4]
[19579, 10027, 379, 84, 10, 4, 4]
[784115, 186, 184, 137, 17, 4, 4]
[568099, 617, 254, 27, 26, 4, 4]
[30484, 1152, 1042, 61, 28, 4, 4]
[504576, 7129, 278, 10, 5, 5, 4]
[432426, 21899, 44, 24, 5, 5, 4]
[31130, 26114, 1139, 9, 6, 5, 4]
[392632, 76438, 34, 7, 7, 5, 4]
[453230, 718, 388, 55, 6, 6, 4]
[568099, 617, 254, 39, 12, 6, 4]
[56883, 1187, 187, 110, 30, 6, 4]
[3796, 2971, 414, 194, 46, 6, 4]
[269513, 302, 135, 79, 48, 6, 4]
[999001, 715, 250, 20, 10, 7, 4]
[999001, 880, 65, 25, 25, 7, 4]
[269513, 316, 151, 54, 40, 9, 4]
[999001, 875, 55, 52, 10, 10, 4]
[37922, 20179, 270, 11, 11, 10, 4]
[56883, 1187, 242, 51, 30, 10, 4]
[453230, 776, 359, 15, 12, 11, 4]
[56883, 1187, 187, 120, 15, 11, 4]
[278020, 527, 74, 61, 27, 14, 4]
[999001, 910, 25, 25, 22, 20, 4]
[278020, 549, 62, 37, 34, 21, 4]
[3942, 2971, 368, 97, 26, 23, 4]
[71783, 53070, 125, 12, 7, 5, 5]
[432426, 21899, 55, 8, 8, 6, 5]
[129409650, 318, 10, 9, 9, 6, 5]
[3693064, 519, 51, 31, 11, 6, 5]
[453230, 776, 359, 18, 11, 8, 5]
[66460, 49463, 45, 13, 13, 8, 5]
[3693064, 519, 62, 17, 11, 9, 5]
[56034, 1187, 1139, 16, 15, 11, 5]
[269513, 302, 158, 81, 16, 12, 5]
[269513, 316, 151, 72, 18, 12, 5]
[36587, 389, 365, 125, 22, 14, 5]
[50116, 7075, 1187, 11, 6, 6, 6]
[235169782, 118, 13, 11, 7, 6, 6]
[269513, 302, 158, 72, 30, 6, 6]
[367385, 9525, 63, 12, 9, 7, 6]
[23011, 1857, 453, 123, 10, 7, 6]
[269513, 302, 160, 79, 18, 9, 6]
[269513, 316, 151, 72, 20, 9, 6]
[56034, 1187, 1139, 20, 11, 10, 6]
[56883, 1187, 255, 44, 22, 10, 6]
[278020, 518, 93, 61, 17, 12, 6]
[5942, 776, 552, 73, 69, 13, 6]
[5942, 1058, 194, 146, 72, 13, 6]
[5942, 1058, 219, 97, 96, 13, 6]
[30484, 1708, 521, 24, 16, 16, 6]
[30484, 2084, 96, 61, 28, 16, 6]
[278020, 558, 61, 37, 28, 17, 6]
[5942, 1196, 97, 73, 69, 48, 6]
[278020, 549, 74, 34, 31, 12, 7]
[269513, 302, 162, 79, 15, 8, 8]
[269513, 237, 160, 151, 9, 9, 8]
[3796, 2971, 529, 97, 18, 12, 8]
[30484, 2084, 122, 32, 24, 21, 8]
[30484, 2084, 122, 32, 28, 16, 9]
[5942, 1058, 291, 73, 32, 26, 9]
[999001, 875, 88, 13, 10, 10, 10]
[999001, 910, 40, 25, 11, 10, 10]
[56883, 1187, 272, 25, 18, 11, 11]
[56883, 1187, 275, 18, 17, 16, 11]
[3783, 2971, 584, 46, 23, 12, 12]
[5942, 1058, 291, 73, 39, 16, 12]
[3796, 2971, 582, 24, 23, 23, 12]
[123737, 4341, 36, 18, 17, 13, 13]
[5942, 1164, 146, 117, 23, 23, 16]
[5942, 1261, 73, 54, 46, 32, 23]
