
Running n=10

[10, 2]
[4, 4]

Finished n=10, solutions=2

Running n=100

[100, 2]
[34, 4]
[12, 10]
[7, 4, 4]
[3, 3, 3, 2, 2]

Finished n=100, solutions=5

Running n=444

[444, 2]

Finished n=444, solutions=1

Running n=1000

[1000, 2]
[334, 4]
[112, 10]
[38, 28]
[67, 4, 4]
[16, 4, 4, 4]

Finished n=1000, solutions=6

Running n=10000

[10000, 2]
[3334, 4]
[1112, 10]
[910, 12]
[304, 34]
[102, 100]
[1429, 4, 2]
[667, 4, 4]
[286, 9, 4]
[159, 16, 4]
[79, 32, 4]
[213, 8, 6]
[40, 36, 7]
[56, 15, 12]
[435, 4, 3, 2]
[141, 9, 4, 2]
[70, 6, 4, 3, 2]
[31, 6, 6, 3, 3]
[31, 9, 3, 3, 2, 2]

Finished n=10000, solutions=19

Running n=27744

[27744, 2]
[87, 5, 2, 2, 2, 2, 2, 2]

Finished n=27744, solutions=2

Running n=100000

[100000, 2]
[33334, 4]
[11112, 10]
[2440, 42]
[814, 124]
[370, 272]
[2128, 16, 3]
[204, 164, 3]
[6667, 4, 4]
[3704, 7, 4]
[741, 34, 4]
[328, 34, 9]
[285, 22, 16]
[14286, 2, 2, 2]
[1205, 14, 3, 2]
[3226, 4, 4, 2]
[167, 20, 15, 2]
[901, 7, 4, 4]
[107, 39, 6, 4]
[46, 34, 16, 4]
[65, 22, 10, 7]
[70, 13, 11, 10]
[4348, 3, 2, 2, 2]
[174, 48, 3, 2, 2]
[192, 29, 3, 3, 2]
[304, 11, 5, 3, 2]
[68, 23, 4, 2, 2, 2, 2]
[103, 6, 3, 3, 3, 3, 2]

Finished n=100000, solutions=28

Running n=1000000

[1000000, 2]
[333334, 4]
[142858, 8]
[111112, 10]
[90910, 12]
[76924, 14]
[47620, 22]
[37038, 28]
[30304, 34]
[27028, 38]
[25642, 40]
[15874, 64]
[12988, 78]
[10990, 92]
[10102, 100]
[9010, 112]
[8548, 118]
[6994, 144]
[5292, 190]
[4330, 232]
[3862, 260]
[3664, 274]
[3368, 298]
[3004, 334]
[2850, 352]
[2458, 408]
[2332, 430]
[2080, 482]
[1444, 694]
[1288, 778]
[1222, 820]
[1002, 1000]
[58824, 9, 2]
[14085, 36, 2]
[829, 604, 2]
[66667, 4, 4]
[9709, 26, 4]
[1942, 129, 4]
[1159, 216, 4]
[1079, 232, 4]
[1789, 40, 14]
[4831, 13, 4, 4]
[678, 41, 9, 4]
[319, 49, 16, 4]
[328, 61, 10, 5]
[397, 21, 20, 6]
[151, 48, 23, 6]
[397, 28, 10, 9]
[94, 35, 19, 16]
[363, 53, 13, 2, 2]
[63, 63, 63, 2, 2]
[397, 28, 15, 3, 2]
[98, 63, 27, 3, 2]
[229, 26, 14, 6, 2]
[397, 35, 6, 4, 3]
[229, 28, 13, 4, 3]
[126, 49, 9, 6, 3]
[147, 18, 18, 7, 3]
[2611, 6, 4, 4, 4]
[147, 27, 7, 6, 6]
[2611, 8, 4, 3, 2, 2]
[147, 27, 9, 7, 2, 2]
[98, 81, 7, 3, 3, 2]
[147, 21, 18, 3, 3, 2]
[162, 9, 7, 7, 7, 2]

Finished n=1000000, solutions=65

Running n=10000000

[10000000, 2]
[3333334, 4]
[1111112, 10]
[41842, 240]
[13948, 718]
[4650, 2152]
[666667, 4, 4]
[149254, 17, 4]
[29851, 84, 4]
[16584, 151, 4]
[3317, 754, 4]
[20877, 80, 6]
[5956, 112, 15]
[7294, 49, 28]
[2791, 128, 28]
[1701, 140, 42]
[2986, 67, 50]
[1009, 118, 84]
[3375, 114, 13, 2]
[11919, 28, 15, 2]
[555, 530, 17, 2]
[685, 292, 25, 2]
[419, 221, 54, 2]
[2956, 141, 8, 3]
[15456, 24, 9, 3]
[1232, 123, 22, 3]
[55866, 9, 5, 4]
[13459, 31, 6, 4]
[11919, 35, 6, 4]
[509, 307, 16, 4]
[766, 96, 34, 4]
[1437, 58, 24, 5]
[1764, 105, 9, 6]
[15456, 27, 6, 2, 2]
[901, 185, 15, 2, 2]
[925, 159, 17, 2, 2]
[682, 141, 26, 2, 2]
[2368, 33, 32, 2, 2]
[1781, 312, 3, 3, 2]
[12837, 13, 10, 3, 2]
[2089, 21, 19, 6, 2]
[31348, 5, 4, 4, 4]
[506, 61, 9, 9, 4]
[1555, 201, 4, 2, 2, 2]
[2949, 53, 4, 4, 2, 2]
[601, 16, 13, 10, 4, 2]
[601, 20, 13, 4, 4, 4]
[601, 26, 8, 5, 2, 2, 2, 2]
[1353, 11, 7, 4, 3, 2, 2, 2]
[601, 26, 10, 2, 2, 2, 2, 2, 2]

Finished n=10000000, solutions=50

Running n=100000000

[100000000, 2]
[33333334, 4]
[11111112, 10]
[9090910, 12]
[3030304, 34]
[1369864, 74]
[1010102, 100]
[990100, 102]
[729928, 138]
[456622, 220]
[330034, 304]
[243310, 412]
[152208, 658]
[124534, 804]
[110012, 910]
[90010, 1112]
[81104, 1234]
[66358, 1508]
[41512, 2410]
[30004, 3334]
[22120, 4522]
[13838, 7228]
[13564, 7374]
[10002, 10000]
[1123596, 45, 2]
[69109, 724, 2]
[64392, 777, 2]
[6666667, 4, 4]
[3703704, 7, 4]
[740741, 34, 4]
[6694, 1660, 9]
[161551, 62, 10]
[7693, 1300, 10]
[32884, 234, 13]
[6316, 1218, 13]
[127714, 49, 16]
[33979, 184, 16]
[188324, 28, 19]
[6285, 612, 26]
[14782, 199, 34]
[2104, 970, 49]
[20674, 82, 59]
[13009, 124, 62]
[13132, 119, 64]
[1488, 974, 69]
[2754, 408, 89]
[1564, 460, 139]
[3568, 196, 143]
[1652, 342, 177]
[1168, 481, 178]
[24552, 291, 7, 2]
[18522, 270, 10, 2]
[11157, 166, 27, 2]
[15387, 65, 50, 2]
[3116, 1783, 6, 3]
[841, 734, 54, 3]
[900901, 7, 4, 4]
[26889, 186, 5, 4]
[358423, 10, 7, 4]
[87184, 41, 7, 4]
[4425, 565, 10, 4]
[35524, 44, 16, 4]
[984, 941, 27, 4]
[946, 682, 31, 5]
[3503, 78, 61, 6]
[1957, 730, 10, 7]
[48852, 32, 8, 8]
[9646, 54, 24, 8]
[3130, 355, 10, 9]
[804, 691, 20, 9]
[4153, 43, 28, 20]
[2857143, 3, 3, 2, 2]
[1948, 558, 23, 2, 2]
[150376, 37, 3, 3, 2]
[39139, 142, 3, 3, 2]
[2697, 2060, 3, 3, 2]
[11202, 248, 6, 3, 2]
[3130, 355, 15, 3, 2]
[2334, 193, 37, 3, 2]
[67981, 46, 4, 4, 2]
[86881, 24, 6, 4, 2]
[18440, 113, 6, 4, 2]
[430, 255, 114, 4, 2]
[898, 348, 32, 5, 2]
[4153, 43, 40, 7, 2]
[3503, 122, 13, 9, 2]
[570, 172, 51, 10, 2]
[612, 95, 86, 10, 2]
[645, 85, 57, 16, 2]
[453, 146, 42, 18, 2]
[10523, 44, 24, 3, 3]
[2488, 154, 29, 3, 3]
[646, 86, 60, 10, 3]
[680, 60, 43, 19, 3]
[688, 51, 38, 25, 3]
[6092, 171, 6, 4, 4]
[370, 164, 103, 4, 4]
[645, 120, 19, 17, 4]
[178, 106, 106, 10, 5]
[688, 75, 19, 17, 6]
[1882, 41, 16, 9, 9]
[10523, 36, 33, 2, 2, 2]
[475, 172, 153, 2, 2, 2]
[6092, 171, 8, 3, 2, 2]
[430, 323, 45, 4, 2, 2]
[9646, 72, 6, 6, 2, 2]
[438, 151, 63, 6, 2, 2]
[453, 126, 73, 6, 2, 2]
[9646, 72, 8, 3, 3, 2]
[1882, 41, 18, 12, 3, 2]
[1012, 772, 4, 4, 4, 2]
[646, 129, 15, 10, 4, 2]
[720, 43, 19, 17, 5, 2]
[3204, 17, 17, 9, 4, 3]
[731, 25, 24, 19, 4, 3]
[688, 85, 19, 6, 5, 3]
[515, 82, 37, 4, 4, 4]
[731, 38, 18, 10, 5, 4]
[731, 38, 20, 6, 6, 5]
[9646, 72, 9, 2, 2, 2, 2]
[7397, 26, 13, 5, 2, 2, 2]
[646, 129, 20, 5, 3, 2, 2]
[731, 30, 20, 19, 3, 2, 2]
[731, 38, 15, 15, 4, 2, 2]
[731, 38, 20, 9, 5, 2, 2]
[731, 38, 20, 10, 3, 3, 2]
[412, 185, 41, 2, 2, 2, 2, 2]
[731, 38, 25, 4, 3, 3, 2, 2]

Finished n=100000000, solutions=128

Running n=1000000000

[1000000000, 2]
[333333334, 4]
[111111112, 10]
[37037038, 28]
[27027028, 38]
[12345680, 82]
[9009010, 112]
[3003004, 334]
[1001002, 1000]
[333668, 2998]
[32258065, 16, 2]
[131770, 2530, 3]
[66666667, 4, 4]
[3984064, 63, 4]
[796813, 314, 4]
[442674, 565, 4]
[88535, 2824, 4]
[1715266, 73, 8]
[44805, 2790, 8]
[4830918, 16, 13]
[406009, 154, 16]
[438789, 114, 20]
[119861, 298, 28]
[461042, 70, 31]
[43416, 698, 33]
[19243, 928, 56]
[12801, 1260, 62]
[9664, 1669, 62]
[10029, 1558, 64]
[8944, 1747, 64]
[15214, 939, 70]
[19757, 444, 114]
[21240, 266, 177]
[21276596, 12, 2, 2]
[7874016, 32, 2, 2]
[12658228, 10, 4, 2]
[446628, 80, 14, 2]
[15401, 2319, 14, 2]
[29536, 297, 57, 2]
[8534, 5580, 7, 3]
[29950, 530, 21, 3]
[15873016, 4, 4, 4]
[197824, 316, 4, 4]
[47101, 1327, 4, 4]
[190295, 219, 6, 4]
[4484305, 8, 7, 4]
[1555210, 23, 7, 4]
[69430, 277, 13, 4]
[16984, 920, 16, 4]
[7322, 2134, 16, 4]
[5386, 2443, 19, 4]
[7147, 1060, 33, 4]
[29678, 156, 54, 4]
[10522, 270, 88, 4]
[1114, 731, 307, 4]
[1099, 605, 376, 4]
[811, 619, 498, 4]
[484731, 43, 8, 6]
[3314, 2794, 18, 6]
[125329, 70, 19, 6]
[5095, 696, 47, 6]
[1490313, 12, 8, 7]
[92773, 154, 10, 7]
[7118, 669, 30, 7]
[5913, 604, 40, 7]
[10377, 317, 38, 8]
[27154, 341, 12, 9]
[10522, 320, 33, 9]
[33592, 229, 13, 10]
[3376, 1559, 19, 10]
[1167, 1045, 82, 10]
[1099, 880, 94, 11]
[1540, 376, 157, 11]
[2588, 552, 50, 14]
[26165, 98, 26, 15]
[9708738, 13, 2, 2, 2]
[6451613, 13, 3, 2, 2]
[496278, 168, 3, 2, 2]
[174368, 478, 3, 2, 2]
[13413, 6213, 3, 2, 2]
[1303781, 16, 12, 2, 2]
[15534, 1238, 13, 2, 2]
[125329, 57, 35, 2, 2]
[17637, 189, 75, 2, 2]
[12313, 188, 108, 2, 2]
[1490313, 16, 7, 3, 2]
[105363, 226, 7, 3, 2]
[81666, 157, 13, 3, 2]
[37011, 193, 14, 5, 2]
[26165, 91, 42, 5, 2]
[7740, 190, 68, 5, 2]
[6855, 521, 20, 7, 2]
[26165, 105, 26, 7, 2]
[18486, 138, 28, 7, 2]
[13165, 211, 15, 12, 2]
[2588, 575, 28, 12, 2]
[1099, 940, 22, 22, 2]
[53268, 149, 14, 3, 3]
[215378, 43, 9, 4, 3]
[49843, 88, 19, 4, 3]
[7858, 1212, 7, 5, 3]
[13165, 211, 20, 6, 3]
[2588, 575, 32, 7, 3]
[1599, 101, 86, 24, 3]
[4971, 1143, 11, 4, 4]
[5401, 526, 22, 4, 4]
[3823, 1211, 9, 6, 4]
[11338, 245, 9, 8, 5]
[14514, 53, 20, 13, 5]
[11338, 245, 10, 6, 6]
[2519, 139, 17, 14, 12]
[1013, 113, 26, 21, 16]
[672495, 62, 3, 2, 2, 2]
[99691, 418, 3, 2, 2, 2]
[49843, 76, 33, 2, 2, 2]
[147776, 188, 3, 3, 2, 2]
[211015, 79, 5, 3, 2, 2]
[24496, 189, 18, 3, 2, 2]
[7752, 215, 30, 5, 2, 2]
[15688, 166, 12, 8, 2, 2]
[11338, 245, 10, 9, 2, 2]
[891, 433, 36, 18, 2, 2]
[3823, 1211, 12, 3, 3, 2]
[1118, 606, 82, 3, 3, 2]
[12313, 282, 8, 6, 3, 2]
[217061, 12, 8, 8, 3, 2]
[12313, 282, 9, 4, 4, 2]
[2519, 139, 21, 17, 4, 2]
[3463, 64, 47, 8, 6, 2]
[1013, 113, 39, 16, 7, 2]
[217061, 16, 6, 4, 4, 3]
[207, 118, 89, 23, 5, 4]
[866, 486, 11, 9, 6, 4]
[1299, 27, 22, 16, 9, 9]
[1299, 27, 24, 12, 11, 9]
[1194, 23, 17, 17, 14, 9]
[1303781, 24, 2, 2, 2, 2, 2]
[11338, 245, 15, 3, 2, 2, 2]
[15688, 166, 16, 3, 2, 2, 2]
[217061, 12, 12, 4, 2, 2, 2]
[217061, 16, 6, 6, 2, 2, 2]
[217061, 16, 8, 3, 3, 2, 2]
[39874, 22, 19, 5, 3, 2, 2]
[217061, 18, 4, 4, 4, 2, 2]
[3463, 94, 16, 8, 6, 2, 2]
[891, 433, 48, 3, 3, 3, 2]
[866, 486, 12, 11, 3, 3, 2]
[1299, 27, 22, 18, 12, 3, 2]
[295, 89, 23, 23, 12, 3, 2]
[1299, 33, 18, 18, 9, 4, 2]
[1299, 36, 22, 9, 9, 6, 2]
[6040, 511, 4, 3, 3, 3, 3]
[1299, 33, 24, 12, 9, 3, 3]
[1299, 33, 27, 9, 8, 4, 3]
[217061, 16, 9, 2, 2, 2, 2, 2]
[1299, 33, 27, 12, 6, 3, 2, 2]
[1299, 44, 18, 9, 6, 3, 3, 2]
[1299, 48, 11, 9, 9, 3, 3, 2]
[1299, 36, 27, 11, 3, 3, 2, 2, 2]
[1299, 54, 11, 6, 4, 3, 3, 3, 2]
[1299, 44, 24, 3, 3, 3, 3, 3, 3]
[1299, 36, 33, 3, 3, 3, 3, 2, 2, 2]
[6446, 202, 3, 2, 2, 2, 2, 2, 2, 2, 2]

Finished n=1000000000, solutions=163

Running n=10000000000

[10000000000, 2]
[3333333334, 4]
[1111111112, 10]
[909090910, 12]
[303030304, 34]
[243902440, 42]
[101010102, 100]
[81300814, 124]
[36900370, 272]
[27100272, 370]
[22172950, 452]
[12300124, 814]
[7390984, 1354]
[4100042, 2440]
[3354580, 2982]
[2463662, 4060]
[1118194, 8944]
[1099990, 9092]
[900010, 11112]
[372732, 26830]
[366664, 27274]
[300004, 33334]
[122222, 81820]
[100002, 100000]
[1428571429, 4, 2]
[103092784, 49, 2]
[51813472, 97, 2]
[14727541, 340, 2]
[7401925, 676, 2]
[534160, 9361, 2]
[76309, 65524, 2]
[666666667, 4, 4]
[434782609, 6, 4]
[285714286, 9, 4]
[158730159, 16, 4]
[114942529, 22, 4]
[86956522, 29, 4]
[54644809, 46, 4]
[49261084, 51, 4]
[48309179, 52, 4]
[31746032, 79, 4]
[23419204, 107, 4]
[22988506, 109, 4]
[20703934, 121, 4]
[14992504, 167, 4]
[10928962, 229, 4]
[9852217, 254, 4]
[9661836, 259, 4]
[7127584, 351, 4]
[5473454, 457, 4]
[4683841, 534, 4]
[4140787, 604, 4]
[2998501, 834, 4]
[2602134, 961, 4]
[1884304, 1327, 4]
[1665834, 1501, 4]
[1425517, 1754, 4]
[1094691, 2284, 4]
[1068034, 2341, 4]
[807559, 3096, 4]
[791954, 3157, 4]
[713929, 3502, 4]
[520427, 4804, 4]
[457729, 5462, 4]
[376861, 6634, 4]
[339409, 7366, 4]
[333167, 7504, 4]
[245779, 10172, 4]
[213607, 11704, 4]
[161512, 15479, 4]
[158391, 15784, 4]
[142786, 17509, 4]
[139309, 17946, 4]
[91546, 27309, 4]
[89729, 27862, 4]
[67882, 36829, 4]
[50859, 49156, 4]
[55865922, 36, 5]
[10537408, 190, 5]
[15174507, 110, 6]
[871308, 1913, 6]
[54807, 30410, 6]
[1091584, 1018, 9]
[77519380, 13, 10]
[6406150, 142, 11]
[8554320, 65, 18]
[354321, 1568, 18]
[6807352, 70, 21]
[9460738, 46, 23]
[3705076, 100, 27]
[723432, 512, 27]
[35599, 8262, 34]
[33799, 8702, 34]
[1505344, 151, 44]
[16914, 13437, 44]
[2667378, 75, 50]
[903424, 205, 54]
[12133, 6340, 130]
[369399, 188, 144]
[149667, 464, 144]
[52398, 896, 213]
[13920, 2427, 296]
[7975, 3688, 340]
[19360, 785, 658]
[8648, 1698, 681]
[150112, 11103, 3, 2]
[38130, 11921, 11, 2]
[60365, 5522, 15, 2]
[64906, 2485, 31, 2]
[25330, 5335, 37, 2]
[253878, 505, 39, 2]
[1076774, 86, 54, 2]
[216868, 262, 88, 2]
[120495, 456, 91, 2]
[18997, 1645, 160, 2]
[10324, 1609, 301, 2]
[6473, 984, 785, 2]
[2854696, 73, 16, 3]
[105263158, 6, 4, 4]
[93676, 6672, 4, 4]
[153048, 3267, 5, 4]
[7315289, 57, 6, 4]
[1204384, 346, 6, 4]
[124454, 3348, 6, 4]
[20562, 20264, 6, 4]
[290571, 956, 9, 4]
[62903, 4416, 9, 4]
[982801, 159, 16, 4]
[34273, 4559, 16, 4]
[47329, 2401, 22, 4]
[134230, 745, 25, 4]
[149667, 576, 29, 4]
[6647, 5970, 63, 4]
[25716, 784, 124, 4]
[25669, 466, 209, 4]
[5847, 715, 598, 4]
[903424, 246, 9, 5]
[1501727, 74, 18, 5]
[631353, 144, 22, 5]
[14104, 3939, 36, 5]
[65377, 478, 64, 5]
[1170549, 89, 16, 6]
[7907, 6587, 32, 6]
[101528, 304, 54, 6]
[59699, 297, 94, 6]
[2714, 1150, 534, 6]
[245044, 583, 10, 7]
[443400, 179, 18, 7]
[1351534, 37, 25, 8]
[32284, 1249, 31, 8]
[45094, 210, 132, 8]
[74402, 786, 19, 9]
[381054, 81, 36, 9]
[591751, 130, 13, 10]
[11239, 1328, 67, 10]
[45094, 252, 88, 10]
[8864, 1282, 88, 10]
[1839, 1694, 321, 10]
[7794, 5940, 18, 12]
[1456, 1198, 441, 13]
[15924, 1246, 36, 14]
[319295, 58, 36, 15]
[25716, 868, 28, 16]
[4591, 1309, 104, 16]
[164992, 58, 55, 19]
[6305, 1018, 82, 19]
[195004, 74, 33, 21]
[3303, 752, 183, 22]
[90712, 106, 40, 26]
[242078, 45, 34, 27]
[18498, 170, 106, 30]
[12739, 208, 111, 34]
[5419, 233, 132, 60]
[806, 474, 349, 75]
[105263158, 8, 3, 2, 2]
[46511628, 18, 3, 2, 2]
[3294893, 253, 3, 2, 2]
[206633, 4033, 3, 2, 2]
[50583, 6178, 8, 2, 2]
[345292, 1609, 3, 3, 2]
[69930070, 6, 4, 3, 2]
[5790388, 72, 4, 3, 2]
[1835873, 227, 4, 3, 2]
[152015, 2741, 4, 3, 2]
[2825657, 118, 5, 3, 2]
[4631774, 60, 6, 3, 2]
[56736, 3672, 8, 3, 2]
[443400, 179, 21, 3, 2]
[117812, 329, 43, 3, 2]
[52356021, 6, 4, 4, 2]
[64182, 4869, 4, 4, 2]
[103908, 2005, 6, 4, 2]
[77795, 2678, 6, 4, 2]
[1076774, 129, 6, 6, 2]
[41287, 348, 58, 6, 2]
[242078, 51, 45, 9, 2]
[119782, 247, 13, 13, 2]
[364312, 61, 15, 15, 2]
[12238, 97, 78, 54, 2]
[7670, 127, 87, 59, 2]
[93457944, 4, 3, 3, 3]
[80797, 2292, 6, 3, 3]
[1076774, 129, 8, 3, 3]
[28264, 1008, 39, 3, 3]
[11940, 578, 161, 3, 3]
[549360, 41, 37, 4, 3]
[319295, 58, 45, 4, 3]
[27521, 3028, 8, 5, 3]
[2179124, 17, 15, 6, 3]
[61084, 535, 17, 6, 3]
[101528, 342, 12, 8, 3]
[23102, 1002, 18, 8, 3]
[12990, 729, 32, 11, 3]
[219592, 55, 23, 12, 3]
[1797, 1183, 112, 14, 3]
[60282, 72, 48, 16, 3]
[2872, 2398, 22, 22, 3]
[12238, 104, 97, 27, 3]
[744103, 210, 4, 4, 4]
[9175, 6812, 10, 4, 4]
[21617, 2570, 9, 5, 4]
[22550, 389, 57, 5, 4]
[18730, 3178, 7, 6, 4]
[13984, 191, 156, 6, 4]
[87967, 580, 7, 7, 4]
[319295, 87, 10, 9, 4]
[7549, 1743, 19, 10, 4]
[2366, 599, 126, 14, 4]
[899, 183, 131, 116, 4]
[319295, 87, 12, 6, 5]
[4094, 207, 59, 40, 5]
[17630, 404, 39, 6, 6]
[7493, 377, 59, 10, 6]
[1237, 673, 78, 22, 7]
[60282, 96, 27, 8, 8]
[12238, 117, 97, 9, 8]
[10651, 163, 48, 15, 8]
[4037, 108, 61, 47, 8]
[1027, 349, 310, 10, 9]
[3065, 749, 22, 18, 11]
[12334, 127, 21, 19, 16]
[52356021, 8, 3, 2, 2, 2]
[1076774, 129, 9, 2, 2, 2]
[17372, 585, 123, 2, 2, 2]
[45094, 220, 126, 2, 2, 2]
[27521, 3028, 10, 3, 2, 2]
[6514658, 24, 4, 4, 2, 2]
[17630, 404, 39, 9, 2, 2]
[2872, 2398, 33, 11, 2, 2]
[101528, 342, 16, 3, 3, 2]
[364312, 61, 25, 3, 3, 2]
[319295, 87, 15, 4, 3, 2]
[86482, 73, 66, 4, 3, 2]
[2248, 674, 275, 4, 3, 2]
[242078, 81, 17, 5, 3, 2]
[242078, 85, 9, 9, 3, 2]
[1027, 349, 310, 15, 3, 2]
[1237, 673, 77, 26, 3, 2]
[708667, 14, 14, 9, 4, 2]
[10399, 742, 18, 9, 4, 2]
[12537, 68, 51, 23, 5, 2]
[60282, 108, 16, 8, 6, 2]
[3065, 749, 33, 11, 6, 2]
[4094, 230, 59, 15, 6, 2]
[94526, 29, 19, 16, 6, 2]
[15931, 181, 17, 17, 6, 2]
[4071, 267, 46, 10, 10, 2]
[2810, 337, 30, 16, 11, 2]
[3678, 107, 35, 33, 11, 2]
[76990, 82, 44, 4, 3, 3]
[8092, 4577, 6, 5, 3, 3]
[60282, 96, 32, 6, 3, 3]
[708667, 16, 14, 7, 3, 3]
[708667, 21, 8, 7, 4, 3]
[45094, 330, 8, 7, 4, 3]
[12537, 85, 34, 23, 4, 3]
[4071, 230, 89, 8, 5, 3]
[3210, 613, 22, 11, 7, 3]
[1797, 1274, 16, 13, 7, 3]
[4037, 141, 61, 12, 8, 3]
[841, 393, 61, 31, 4, 4]
[4232, 89, 59, 15, 6, 5]
[117837, 1326, 4, 2, 2, 2, 2]
[16180, 348, 111, 2, 2, 2, 2]
[33198, 1141, 11, 3, 2, 2, 2]
[5350, 563, 83, 5, 2, 2, 2]
[38814, 113, 19, 15, 2, 2, 2]
[4094, 177, 115, 15, 2, 2, 2]
[4094, 225, 59, 23, 2, 2, 2]
[19931, 543, 11, 7, 3, 2, 2]
[4071, 230, 89, 10, 3, 2, 2]
[1237, 673, 91, 11, 3, 2, 2]
[2810, 337, 30, 22, 4, 2, 2]
[12238, 194, 18, 13, 3, 3, 2]
[4037, 141, 61, 16, 3, 3, 2]
[10651, 163, 60, 4, 4, 3, 2]
[2810, 337, 40, 11, 4, 3, 2]
[2810, 337, 44, 5, 4, 4, 3]
[10669, 283, 69, 3, 2, 2, 2, 2]
[10651, 163, 60, 6, 2, 2, 2, 2]
[2810, 337, 33, 20, 2, 2, 2, 2]
[2810, 337, 44, 6, 5, 2, 2, 2]
[12238, 194, 26, 3, 3, 3, 3, 2]

Finished n=10000000000, solutions=303
