197 223 238 266 271 278 284 285 289 296 303 304 306 307 309 329 330 337 341 352 354 361 362 374 377 379 395 397 403 404 407 408 409 415 416 425 426 429 432 435 438 446 451 456 457 463 467 468 474 475 476 479 480 481 482 483 487 490 491 495 505 506 508 510 518 519 521 522 524 526 529 530 531 532 533 536 545 546 547 549 551 555 557 558 564 566 567 568 572 574 578 580 584 586 587 589 590 592 594 597 599 600 603 607 609 614 616 617 618 622 627 628 629 631 632 638 639 647 650 651 654 656 659 660 661 664 668 669 671 672 673 677 682 683 684 685 686 689 692 694 696 697 699 701 702 704 706 707 709 711 717 718 721 723 725 728 729 733 735 736 739 740 744 746 747 748 749 753 756 757 758 762 764 765 766 767 768 770 771 774 775 782 783 785 786 787 791 793 797 798 799 801 802 803 805 808 810 812 813 815 818 821 823 825 826 827 828 829 831 832 834 835 837 839 841 842 843 844 845 846 847 849 853 855 856 858 859 863 866 867 868 871 873 875 876 877 878 879 881 883 887 890 891 893 894 897 898 899 902 903 904 905 907 908 909 911 912 914 915 916 918 920 921 926 927 928 931 932 933 935 940 943 944 945 946 947 949 950 955 957 959 960 962 963 964 966 967 968 969 970 971 972 974 975 976 979 980 981 982 983 986 988 989 991 992 993 995 997 998 

9 <- 31237! + 17 sqrt
31237 <- 5560! + 12 sqrt
5560 <- 2576! + 11 sqrt
2576 <- 720! + 9 sqrt
720 <- 6! + 0 sqrt
6 <- 3! + 0 sqrt

135 <- 484! + 9 sqrt
484 <- 588! + 9 sqrt
588 <- 1089! + 10 sqrt
1089 <- 206! + 7 sqrt
206 <- 934! + 10 sqrt
934 <- 358! + 8 sqrt
358 <- 179! + 7 sqrt
179 <- 3028! + 12 sqrt
3028 <- 15217! + 14 sqrt
15217 <- 33501! + 15 sqrt
33501 <- 509! + 8 sqrt
509 <- 1942! + 11 sqrt
1942 <- 698! + 9 sqrt
698 <- 2027! + 11 sqrt
2027 <- 50742! + 16 sqrt
50742 <- 10719! + 13 sqrt
10719 <- 50! + 4 sqrt
50 <- 720! + 10 sqrt
720 <- 6! + 0 sqrt
6 <- 3! + 0 sqrt

real	0m1.978s
user	0m1.977s
sys	0m0.000s
