4, 20
5, 4
6, 1
7, 14
8, 17
9, 31
10, 6
11, 26
12, 41
13, 39
14, 20
15, 31
16, 31
17, 19
18, 28
19, 27
20, 38
21, 21
22, 33
23, 21
24, 21
25, 26
26, 3
27, 51
28, 40
29, 28
30, 26
31, 20
32, 35
33, 36
34, 36
35, 13
36, 23
37, 27
38, 67
39, 45
40, 50
41, 45
42, 40
43, 9
44, 15
45, 50
46, 8
47, 32
48, 52
49, 36
50, 13
51, 68
52, 69
53, 57
54, 33
55, 54
56, 36
57, 46
58, 34
59, 49
60, 63
61, 56
62, 68
63, 14
64, 63
65, 23
66, 33
67, 36
68, 47
69, 45
70, 16
71, 38
72, 69
73, 38
74, 25
75, 61
76, 61
77, 37
78, 61
79, 29
80, 39
81, 30
82, 58
83, 46
84, 59
85, 33
86, 54
87, 77
88, 53
89, 50
90, 86
91, 42
92, 84
93, 58
94, 32
95, 74
96, 78
97, 66
98, 82
99, 73
100, 52
101, 40
102, 29
103, 19
104, 61
105, 92
106, 31
107, 70
108, 53
109, 63
110, 78
111, 72
112, 47
113, 59
114, 56
115, 73
116, 38
117, 50
118, 59
119, 46
120, 5
121, 56
122, 59
123, 71
124, 39
125, 60
126, 81
127, 54
128, 75
129, 62
130, 69
131, 25
132, 57
133, 120
134, 57
135, 102
136, 31
137, 96
138, 66
139, 106
140, 58
141, 76
142, 50
143, 80
144, 86
145, 119
146, 87
147, 44
148, 53
149, 45
150, 81
151, 42
152, 51
153, 46
154, 49
155, 95
156, 42
157, 66
158, 97
159, 88
160, 85
161, 51
162, 121
163, 40
164, 49
165, 53
166, 79
167, 77
168, 71
169, 39
170, 85
171, 64
172, 64
173, 72
174, 59
175, 81
176, 38
177, 96
178, 65
179, 110
180, 54
181, 110
182, 129
183, 66
184, 89
185, 64
186, 69
187, 79
188, 48
189, 102
190, 74
191, 39
192, 55
193, 83
194, 90
195, 88
196, 57
197, 115
198, 42
199, 87
200, 19
201, 34
202, 55
203, 41
204, 61
205, 74
206, 129
207, 98
208, 135
209, 88
210, 76
211, 116
212, 85
213, 71
214, 123
215, 46
216, 87
217, 36
218, 42
219, 75
220, 85
221, 67
222, 62
223, 86
224, 84
225, 33
226, 56
227, 87
228, 100
229, 48
230, 58
231, 112
232, 96
233, 66
234, 91
235, 77
236, 73
237, 102
238, 139
239, 47
240, 90
241, 69
242, 44
243, 87
244, 124
245, 79
246, 80
247, 52
248, 30
249, 68
250, 75
251, 74
252, 87
253, 41
254, 89
255, 49
256, 89
257, 57
258, 64
259, 72
260, 95
261, 65
262, 71
263, 104
264, 50
265, 73
266, 134
267, 47
268, 30
269, 134
270, 53
271, 162
272, 165
273, 80
274, 67
275, 77
276, 110
277, 33
278, 159
279, 77
280, 42
281, 40
282, 94
283, 106
284, 163
285, 95
286, 118
287, 49
288, 88
289, 131
290, 25
291, 106
292, 86
293, 59
294, 66
295, 75
296, 109
297, 89
298, 123
299, 70
300, 101
301, 95
302, 62
303, 134
304, 161
305, 89
306, 88
307, 130
308, 92
309, 147
310, 105
311, 111
312, 45
313, 74
314, 112
315, 47
316, 18
317, 46
318, 40
319, 55
320, 88
321, 111
322, 58
323, 83
324, 80
325, 146
326, 80
327, 51
328, 54
329, 181
330, 158
331, 67
332, 104
333, 76
334, 87
335, 86
336, 66
337, 100
338, 58
339, 36
340, 113
341, 154
342, 97
343, 74
344, 73
345, 121
346, 84
347, 150
348, 110
349, 151
350, 85
351, 56
352, 67
353, 78
354, 140
355, 93
356, 46
357, 141
358, 118
359, 27
360, 124
361, 191
362, 179
363, 69
364, 80
365, 26
366, 132
367, 55
368, 35
369, 84
370, 68
371, 77
372, 98
373, 62
374, 97
375, 127
376, 49
377, 66
378, 79
379, 209
380, 50
381, 113
382, 76
383, 158
384, 64
385, 91
386, 131
387, 123
388, 64
389, 83
390, 127
391, 116
392, 55
393, 97
394, 42
395, 150
396, 28
397, 117
398, 97
399, 185
400, 95
401, 56
402, 89
403, 144
404, 85
405, 137
406, 59
407, 68
408, 169
409, 161
410, 161
411, 67
412, 50
413, 87
414, 67
415, 143
416, 90
417, 53
418, 68
419, 63
420, 184
421, 92
422, 53
423, 81
424, 135
425, 198
426, 104
427, 37
428, 111
429, 70
430, 89
431, 178
432, 201
433, 93
434, 75
435, 143
436, 61
437, 134
438, 134
439, 83
440, 155
441, 57
442, 20
443, 121
444, 92
445, 89
446, 111
447, 171
448, 77
449, 160
450, 83
451, 233
452, 83
453, 140
454, 38
455, 115
456, 106
457, 151
458, 72
459, 52
460, 60
461, 104
462, 67
463, 121
464, 148
465, 77
466, 57
467, 120
468, 225
469, 74
470, 57
471, 63
472, 75
473, 82
474, 165
475, 200
476, 149
477, 77
478, 150
479, 115
480, 65
481, 317
482, 174
483, 135
484, 158
485, 109
486, 59
487, 121
488, 77
489, 110
490, 181
491, 141
492, 96
493, 138
494, 57
495, 149
496, 32
497, 87
498, 75
499, 123
500, 97
501, 155
502, 61
503, 114
504, 76
505, 158
506, 302
507, 109
508, 126
509, 83
510, 137
511, 69
512, 92
513, 45
514, 124
515, 111
516, 113
517, 56
518, 160
519, 174
520, 152
521, 182
522, no path
523, 71
524, 173
525, 60
526, 180
527, 100
528, 85
529, 178
530, 168
531, 224
532, 161
533, 166
534, 20
535, 162
536, 109
537, 111
538, 93
539, 110
540, 96
541, 149
542, 57
543, 23
544, 136
545, 153
546, 39
547, 145
548, 65
549, 154
550, 179
551, 182
552, 95
553, 91
554, 133
555, 101
556, 158
557, 310
558, no path
559, 119
560, 112
561, 183
562, 82
563, 111
564, 135
565, 70
566, 137
567, 229
568, 145
569, 114
570, 173
571, 136
572, 107
573, 147
574, 105
575, 112
576, 43
577, 43
578, 109
579, 127
580, 367
581, 143
582, 150
583, 105
584, 146
585, 47
586, 181
587, 294
588, 148
589, 171
590, 243
591, 67
592, 142
593, 101
594, 184
595, 196
596, 152
597, 178
598, 55
599, 171
600, 173
601, 125
602, 33
603, no path
604, 114
605, 45
606, 26
607, 90
608, 69
609, 335
610, 63
611, 211
612, 85
613, 116
614, 100
615, 73
616, no path
617, 180
618, 151
619, 122
620, 82
621, 79
622, 174
623, 72
624, 90
625, 46
626, 152
627, 78
628, 100
629, 175
630, 66
631, 115
632, 101
633, 25
634, 77
635, 91
636, 56
637, 73
638, 92
639, 124
640, 166
641, 124
642, 131
643, 183
644, 184
645, 115
646, 123
647, 351
648, 100
649, 167
650, 170
651, 259
652, 162
653, 95
654, 210
655, 79
656, 125
657, 154
658, 121
659, 125
660, 123
661, 76
662, 98
663, 83
664, 183
665, 97
666, 75
667, 60
668, 103
669, no path
670, 110
671, 215
672, 140
673, 131
674, 165
675, 78
676, 98
677, 190
678, 82
679, 107
680, 78
681, 161
682, 101
683, 254
684, 147
685, 42
686, 161
687, 61
688, 71
689, 209
690, 96
691, 117
692, 239
693, 29
694, 159
695, 61
696, 190
697, 494
698, 61
699, no path
700, 111
701, 168
702, no path
703, 74
704, 161
705, 54
706, 175
707, no path
708, 102
709, 143
710, 93
711, 137
712, 155
713, 132
714, 122
715, 46
716, 155
717, 185
718, 102
719, 65
720, 2
721, no path
722, 92
723, 176
724, 88
725, 131
726, 159
727, 108
728, 211
729, 279
730, 121
731, 89
732, 89
733, 146
734, 130
735, 185
736, 435
737, 164
738, 87
739, 95
740, 164
741, 70
742, 100
743, 58
744, 132
745, 142
746, 195
747, 188
748, 192
749, 123
750, 82
751, 132
752, 156
753, 145
754, 134
755, 167
756, 386
757, 229
758, 151
759, 66
760, 100
761, 64
762, 166
763, 59
764, 110
765, 122
766, 255
767, 218
768, no path
769, 56
770, no path
771, 352
772, 192
773, 154
774, 185
775, 208
776, 68
777, 156
778, 94
779, 152
780, 132
781, 50
782, 187
783, 200
784, 50
785, no path
786, 129
787, 266
788, 84
789, 88
790, 39
791, 110
792, 143
793, 160
794, 90
795, 73
796, 65
797, 151
798, 138
799, 110
800, 174
801, 145
802, no path
803, 146
804, 125
805, 169
806, 117
807, 142
808, no path
809, 112
810, 153
811, 128
812, 225
813, 191
814, 76
815, no path
816, 105
817, 63
818, 249
819, 76
820, 103
821, 264
822, 96
823, 127
824, 135
825, 167
826, 113
827, 175
828, 219
829, 136
830, 125
831, 137
832, no path
833, 87
834, 200
835, 171
836, 101
837, 148
838, 115
839, no path
840, 111
841, no path
842, 261
843, 201
844, 113
845, 443
846, 196
847, 120
848, 27
849, 86
850, 81
851, 35
852, 116
853, no path
854, 165
855, 258
856, 356
857, 87
858, 128
859, no path
860, 97
861, 71
862, 87
863, 165
864, 152
865, 170
866, 180
867, 419
868, 168
869, 75
870, 82
871, 293
872, 101
873, 205
874, 81
875, 151
876, 175
877, 74
878, no path
879, 164
880, 80
881, 468
882, 190
883, 211
884, 42
885, 57
886, 70
887, no path
888, 75
889, 144
890, no path
891, 84
892, 55
893, 110
894, 138
895, 77
896, 84
897, 206
898, 133
899, 218
900, 155
901, 42
902, no path
903, 107
904, no path
905, no path
906, 102
907, 214
908, 465
909, 183
910, 139
911, 140
912, 174
913, 146
914, 127
915, no path
916, 227
917, 93
918, 105
919, 125
920, 178
921, 200
922, 63
923, 118
924, 145
925, 149
926, 107
927, 156
928, 155
929, 76
930, 130
931, 215
932, 209
933, no path
934, 127
935, 216
936, 140
937, 94
938, 120
939, 214
940, no path
941, 76
942, 25
943, no path
944, 181
945, 161
946, no path
947, 200
948, 45
949, 347
950, 290
951, 101
952, 85
953, 141
954, 89
955, 181
956, 36
957, no path
958, 159
959, 113
960, 241
961, 49
962, no path
963, no path
964, 141
965, 83
966, 136
967, no path
968, 234
969, no path
970, 126
971, 103
972, 358
973, 19
974, 221
975, no path
976, 149
977, 99
978, 133
979, 79
980, 237
981, 184
982, 162
983, 251
984, 127
985, 92
986, 238
987, 55
988, 98
989, 230
990, 125
991, 210
992, no path
993, no path
994, 81
995, no path
996, 179
997, 155
998, 371
999, 62
1000, 323
